0 0.7348958333333333 0.28055555555555556 0.023958333333333335 0.075
0 0.7645833333333333 0.30486111111111114 0.022916666666666665 0.06805555555555555
0 0.25833333333333336 0.45416666666666666 0.03333333333333333 0.058333333333333334
0 0.6328125 0.5041666666666667 0.030208333333333334 0.12222222222222222
0 0.5140625 0.5263888888888889 0.026041666666666668 0.15555555555555556
0 0.48333333333333334 0.5284722222222222 0.04583333333333333 0.15416666666666667
0 0.45625 0.5347222222222222 0.035416666666666666 0.1638888888888889
0 0.2833333333333333 0.5402777777777777 0.035416666666666666 0.2777777777777778
0 0.43020833333333336 0.54375 0.025 0.17083333333333334
0 0.40520833333333334 0.5465277777777777 0.03958333333333333 0.1763888888888889
0 0.35 0.5527777777777778 0.03958333333333333 0.2361111111111111
0 0.3203125 0.5541666666666667 0.03854166666666667 0.2388888888888889
0 0.7583333333333333 0.575 0.03333333333333333 0.125
0 0.7 0.5777777777777777 0.041666666666666664 0.12222222222222222
0 0.8140625 0.5791666666666667 0.03854166666666667 0.125
0 0.16875 0.5833333333333334 0.05 0.3
0 0.23802083333333332 0.5923611111111111 0.06354166666666666 0.24305555555555555
0 0.10677083333333333 0.5972222222222222 0.06145833333333333 0.3138888888888889
0 0.03697916666666667 0.6145833333333334 0.06979166666666667 0.3263888888888889