0 0.9865079365079366 0.28249336870026526 0.026984126984126985 0.11405835543766578
0 0.5015873015873016 0.3209549071618037 0.022222222222222223 0.10079575596816977
0 0.526984126984127 0.33156498673740054 0.03492063492063492 0.15384615384615385
0 0.4444444444444444 0.3395225464190981 0.031746031746031744 0.16976127320954906
0 0.46825396825396826 0.35013262599469497 0.0380952380952381 0.1909814323607427
0 0.4031746031746032 0.35145888594164454 0.031746031746031744 0.1989389920424403
0 0.8888888888888888 0.35145888594164454 0.022222222222222223 0.09283819628647215
0 0.13333333333333333 0.35809018567639256 0.025396825396825397 0.30238726790450926
0 0.25793650793650796 0.3740053050397878 0.03968253968253968 0.23342175066312998
0 0.8238095238095238 0.3779840848806366 0.01904761904761905 0.10344827586206896
0 0.030952380952380953 0.38726790450928383 0.06190476190476191 0.3183023872679045
0 0.09841269841269841 0.39389920424403185 0.06984126984126984 0.33156498673740054
0 0.176984126984127 0.40185676392572944 0.049206349206349205 0.27851458885941643
0 0.20555555555555555 0.4151193633952255 0.03333333333333333 0.246684350132626
0 0.5619047619047619 0.6790450928381963 0.12698412698412698 0.28116710875331563