0 0.5927734375 0.20052083333333334 0.0546875 0.16145833333333334
0 0.3056640625 0.20377604166666666 0.08203125 0.28515625
0 0.72314453125 0.220703125 0.0517578125 0.19401041666666666
0 0.23046875 0.23046875 0.0625 0.24739583333333334
0 0.478515625 0.23046875 0.076171875 0.2734375
0 0.41552734375 0.240234375 0.0751953125 0.32421875
0 0.6826171875 0.2526041666666667 0.052734375 0.22135416666666666
0 0.5986328125 0.4759114583333333 0.123046875 0.41796875
0 0.38720703125 0.4876302083333333 0.1181640625 0.3268229166666667
0 0.70458984375 0.4928385416666667 0.1318359375 0.3736979166666667
0 0.5439453125 0.5748697916666666 0.1328125 0.4205729166666667
0 0.34423828125 0.6451822916666666 0.0908203125 0.3033854166666667
0 0.80810546875 0.6686197916666666 0.2255859375 0.4830729166666667
0 0.42578125 0.8268229166666666 0.169921875 0.3463541666666667