0 0.02734375 0.46944444444444444 0.0546875 0.325
0 0.488671875 0.19722222222222222 0.03515625 0.29444444444444445
0 0.027734375 0.4638888888888889 0.05546875 0.3277777777777778
0 0.0703125 0.3659722222222222 0.05625 0.23472222222222222
0 0.278125 0.24027777777777778 0.0828125 0.3138888888888889
0 0.128515625 0.36875 0.06796875 0.2847222222222222
0 0.50703125 0.22291666666666668 0.0640625 0.3125
0 0.444921875 0.22847222222222222 0.05234375 0.2847222222222222
0 0.06796875 0.4673611111111111 0.0859375 0.3486111111111111
0 0.274609375 0.2375 0.08203125 0.3194444444444444
0 0.778515625 0.28541666666666665 0.06328125 0.14305555555555555
0 0.170703125 0.3472222222222222 0.06953125 0.3055555555555556
0 0.24140625 0.28888888888888886 0.0828125 0.32222222222222224
0 0.38125 0.6798611111111111 0.103125 0.45694444444444443
0 0.687109375 0.43333333333333335 0.10234375 0.4361111111111111