0 0.11484375 0.32569444444444445 0.0265625 0.22083333333333333
0 0.02421875 0.46597222222222223 0.0484375 0.3347222222222222
0 0.48203125 0.09652777777777778 0.03125 0.09583333333333334
0 0.48125 0.09652777777777778 0.0296875 0.09305555555555556
0 0.79375 0.2791666666666667 0.0703125 0.16111111111111112
0 0.478515625 0.23541666666666666 0.06171875 0.2902777777777778
0 0.145703125 0.40555555555555556 0.07265625 0.3388888888888889
0 0.194140625 0.33541666666666664 0.07265625 0.30972222222222223
0 0.084375 0.38055555555555554 0.0609375 0.2972222222222222
0 0.23359375 0.2722222222222222 0.065625 0.3111111111111111
0 0.285546875 0.2263888888888889 0.05703125 0.3333333333333333
0 0.66796875 0.4423611111111111 0.109375 0.4375