0 0.070703125 0.40208333333333335 0.07109375 0.30416666666666664
0 0.021484375 0.48541666666666666 0.04296875 0.29305555555555557
0 0.022265625 0.4756944444444444 0.04296875 0.31527777777777777
0 0.494140625 0.21458333333333332 0.06328125 0.3263888888888889
0 0.117578125 0.37430555555555556 0.07734375 0.2791666666666667
0 0.418359375 0.21666666666666667 0.05859375 0.2777777777777778
0 0.189453125 0.33611111111111114 0.08046875 0.3055555555555556
0 0.233203125 0.28125 0.07734375 0.31527777777777777
0 0.06953125 0.41041666666666665 0.0703125 0.3125
0 0.27734375 0.23402777777777778 0.0625 0.32083333333333336
0 0.79609375 0.2881944444444444 0.0625 0.1597222222222222
0 0.783984375 0.6020833333333333 0.11328125 0.44583333333333336
0 0.670703125 0.4340277777777778 0.12421875 0.4375
0 0.155078125 0.7229166666666667 0.14609375 0.42916666666666664