0 0.248828125 0.26666666666666666 0.10234375 0.3055555555555556
0 0.0078125 0.38263888888888886 0.015625 0.13194444444444445
0 0.02109375 0.4951388888888889 0.0421875 0.27361111111111114
0 0.022265625 0.4930555555555556 0.04296875 0.2833333333333333
0 0.775 0.29305555555555557 0.08125 0.125
0 0.276171875 0.23402777777777778 0.06484375 0.31805555555555554
0 0.07421875 0.46944444444444444 0.0828125 0.3277777777777778
0 0.08671875 0.35833333333333334 0.0546875 0.25833333333333336
0 0.4890625 0.19652777777777777 0.046875 0.28194444444444444
0 0.184765625 0.33819444444444446 0.07421875 0.30694444444444446
0 0.133203125 0.37569444444444444 0.07109375 0.29583333333333334
0 0.233203125 0.28958333333333336 0.07265625 0.29583333333333334
0 0.401171875 0.24722222222222223 0.05546875 0.2972222222222222
0 0.533203125 0.24027777777777778 0.06015625 0.30277777777777776
0 0.7125 0.4576388888888889 0.1109375 0.4625
0 0.509375 0.6131944444444445 0.11875 0.44027777777777777