0 0.0203125 0.47152777777777777 0.040625 0.30694444444444446
0 0.478125 0.19027777777777777 0.05625 0.28055555555555556
0 0.478125 0.19027777777777777 0.0578125 0.28055555555555556
0 0.022265625 0.4673611111111111 0.04453125 0.32916666666666666
0 0.2 0.34097222222222223 0.0671875 0.3125
0 0.763671875 0.2847222222222222 0.06640625 0.11666666666666667
0 0.57265625 0.9020833333333333 0.1484375 0.1875
0 0.4171875 0.26944444444444443 0.06875 0.30277777777777776
0 0.235546875 0.2743055555555556 0.07265625 0.3125
0 0.137890625 0.38333333333333336 0.06640625 0.29444444444444445
0 0.27578125 0.23680555555555555 0.0578125 0.3347222222222222
0 0.08125 0.39166666666666666 0.0609375 0.3194444444444444
0 0.66015625 0.46944444444444444 0.1390625 0.4361111111111111
0 0.53515625 0.24166666666666667 0.065625 0.30277777777777776
0 0.675 0.6159722222222223 0.109375 0.43472222222222223
0 0.347265625 0.75625 0.14765625 0.48194444444444445