0 0.2328125 0.2972222222222222 0.084375 0.29444444444444445
0 0.369140625 0.6194444444444445 0.11015625 0.5277777777777778
0 0.367578125 0.6229166666666667 0.10546875 0.5236111111111111
0 0.524609375 0.22152777777777777 0.05546875 0.30972222222222223
0 0.02265625 0.46875 0.0453125 0.3347222222222222
0 0.723046875 0.24791666666666667 0.06015625 0.1375
0 0.461328125 0.21041666666666667 0.06015625 0.32083333333333336
0 0.41484375 0.175 0.0359375 0.26666666666666666
0 0.43359375 0.5583333333333333 0.10625 0.45555555555555555
0 0.719140625 0.5819444444444445 0.11171875 0.43333333333333335
0 0.230078125 0.29583333333333334 0.08359375 0.2916666666666667
0 0.270703125 0.2423611111111111 0.06796875 0.32083333333333336
0 0.64609375 0.46805555555555556 0.1296875 0.44166666666666665