0 0.14736842105263157 0.5325 0.07894736842105263 0.445
0 0.5026315789473684 0.1475 0.03684210526315789 0.275
0 0.5473684210526316 0.1475 0.042105263157894736 0.295
0 0.6026315789473684 0.1525 0.05263157894736842 0.305
0 0.3144736842105263 0.155 0.034210526315789476 0.2
0 0.6828947368421052 0.1575 0.05 0.315
0 0.725 0.1575 0.04473684210526316 0.315
0 0.2644736842105263 0.165 0.02894736842105263 0.18
0 0.7671052631578947 0.17 0.05526315789473684 0.33
0 0.8486842105263158 0.17 0.06578947368421052 0.34
0 0.3684210526315789 0.465 0.06315789473684211 0.37
0 0.26052631578947366 0.4975 0.07368421052631578 0.445