0 0.44296875 0.16805555555555557 0.03125 0.2611111111111111
0 0.4421875 0.17083333333333334 0.0328125 0.2611111111111111
0 0.021875 0.47152777777777777 0.04375 0.3347222222222222
0 0.068359375 0.4340277777777778 0.07265625 0.3375
0 0.7328125 0.5208333333333334 0.0796875 0.5166666666666667
0 0.68671875 0.2222222222222222 0.0609375 0.15
0 0.530859375 0.22569444444444445 0.05859375 0.32083333333333336
0 0.234765625 0.2916666666666667 0.05546875 0.30277777777777776
0 0.469921875 0.22916666666666666 0.05703125 0.3
0 0.143359375 0.35694444444444445 0.08046875 0.3527777777777778
0 0.662890625 0.6576388888888889 0.10859375 0.49027777777777776
0 0.26796875 0.24513888888888888 0.0671875 0.3236111111111111