0 0.546484375 0.38263888888888886 0.04296875 0.19027777777777777
0 0.030078125 0.46875 0.05703125 0.34305555555555556
0 0.015234375 0.5763888888888888 0.03046875 0.1527777777777778
0 0.02890625 0.49166666666666664 0.05625 0.30277777777777776
0 0.459375 0.10486111111111111 0.0359375 0.12361111111111112
0 0.484765625 0.23125 0.07265625 0.30694444444444446
0 0.087109375 0.36875 0.08046875 0.26805555555555555
0 0.251171875 0.275 0.06015625 0.31666666666666665
0 0.140625 0.3645833333333333 0.0875 0.30416666666666664
0 0.77734375 0.6354166666666666 0.153125 0.5208333333333334
0 0.059765625 0.4666666666666667 0.11796875 0.36666666666666664
0 0.738671875 0.4840277777777778 0.11640625 0.3875