0 0.443359375 0.15486111111111112 0.03359375 0.07083333333333333
0 0.769140625 0.1763888888888889 0.04453125 0.21388888888888888
0 0.471484375 0.20625 0.02578125 0.07361111111111111
0 0.43125 0.23819444444444443 0.0453125 0.11527777777777778
0 0.38359375 0.28680555555555554 0.040625 0.20694444444444443
0 0.498828125 0.3194444444444444 0.04609375 0.24166666666666667
0 0.56953125 0.33541666666666664 0.0515625 0.22916666666666666
0 0.65234375 0.3458333333333333 0.021875 0.19166666666666668
0 0.846484375 0.3715277777777778 0.03984375 0.14027777777777778
0 0.45 0.3763888888888889 0.0265625 0.16944444444444445
0 0.406640625 0.39791666666666664 0.05546875 0.0875
0 0.33828125 0.41805555555555557 0.04375 0.2638888888888889
0 0.61953125 0.41805555555555557 0.0484375 0.24722222222222223
0 0.695703125 0.4361111111111111 0.08671875 0.24444444444444444
0 0.81484375 0.45069444444444445 0.034375 0.24305555555555555
0 0.0609375 0.4534722222222222 0.03125 0.17916666666666667
0 0.123828125 0.5 0.05546875 0.26944444444444443
0 0.16953125 0.5159722222222223 0.0390625 0.19305555555555556
0 0.840234375 0.5763888888888888 0.05546875 0.2722222222222222
0 0.534765625 0.5951388888888889 0.03671875 0.24861111111111112
0 0.492578125 0.6125 0.03359375 0.25555555555555554
0 0.38203125 0.6805555555555556 0.05625 0.2611111111111111
0 0.45625 0.7145833333333333 0.04375 0.3458333333333333
0 0.257421875 0.9111111111111111 0.05703125 0.12222222222222222
0 0.744140625 0.9159722222222222 0.05234375 0.16805555555555557
0 0.57265625 0.9215277777777777 0.0484375 0.15694444444444444
0 0.119140625 0.9354166666666667 0.05390625 0.12916666666666668
0 0.534375 0.10555555555555556 0.046875 0.19444444444444445