0 0.13125 0.4225941422594142 0.0275 0.1087866108786611
0 0.04375 0.45188284518828453 0.0325 0.1506276150627615
0 0.595 0.04811715481171548 0.025 0.09623430962343096
0 0.68375 0.04811715481171548 0.0275 0.09623430962343096
0 0.3575 0.48535564853556484 0.035 0.12552301255230125
0 0.57875 0.0502092050209205 0.0175 0.100418410041841
0 0.72625 0.05230125523012552 0.0225 0.08786610878661087
0 0.42125 0.50418410041841 0.0275 0.13807531380753138
0 0.17125 0.5167364016736402 0.0425 0.13807531380753138
0 0.22125 0.5209205020920502 0.0325 0.1297071129707113
0 0.12625 0.5292887029288703 0.0325 0.15481171548117154
0 0.7525 0.05439330543933055 0.025 0.100418410041841
0 0.08125 0.5648535564853556 0.0275 0.12552301255230125
0 0.58 0.5774058577405857 0.035 0.1506276150627615
0 0.49 0.060669456066945605 0.025 0.11297071129707113
0 0.52875 0.608786610878661 0.0375 0.15481171548117154
0 0.55875 0.6150627615062761 0.0375 0.14225941422594143
0 0.6 0.6255230125523012 0.035 0.16317991631799164
0 0.51 0.06694560669456066 0.02 0.1087866108786611
0 0.15 0.07531380753138076 0.03 0.11715481171548117
0 0.11625 0.07740585774058577 0.0275 0.12133891213389121
0 0.30875 0.7803347280334728 0.0325 0.17154811715481172
0 0.18 0.08158995815899582 0.03 0.10460251046025104
0 0.26875 0.8179916317991632 0.0375 0.16317991631799164
0 0.33625 0.8284518828451883 0.0325 0.200836820083682
0 0.025 0.8891213389121339 0.035 0.09623430962343096
0 0.20125 0.9016736401673641 0.0375 0.07112970711297072
0 0.525 0.10460251046025104 0.03 0.11715481171548117
0 0.55375 0.1108786610878661 0.0325 0.09623430962343096
0 0.8725 0.13807531380753138 0.03 0.12552301255230125
0 0.89375 0.13807531380753138 0.0275 0.11715481171548117
0 0.7775 0.18828451882845187 0.04 0.12552301255230125
0 0.6075 0.2217573221757322 0.03 0.11715481171548117
0 0.03375 0.27615062761506276 0.0325 0.12552301255230125
0 0.355 0.28661087866108786 0.03 0.1297071129707113
0 0.3825 0.28870292887029286 0.03 0.11715481171548117
0 0.80375 0.3075313807531381 0.0225 0.09623430962343096
0 0.7475 0.3619246861924686 0.035 0.12133891213389121
0 0.83625 0.3723849372384937 0.0275 0.1087866108786611
0 0.895 0.3723849372384937 0.035 0.13389121338912133