0 0.10442708333333334 0.1685185185185185 0.015104166666666667 0.06111111111111111
0 0.15052083333333333 0.9546296296296296 0.07916666666666666 0.08703703703703704
0 0.0609375 0.6300925925925925 0.06666666666666667 0.3731481481481482
0 0.21328125 0.7333333333333333 0.13072916666666667 0.42592592592592593
0 0.5403645833333334 0.7912037037037037 0.19635416666666666 0.41574074074074074
0 0.603125 0.775 0.16145833333333334 0.44814814814814813
0 0.61953125 0.4981481481481482 0.12760416666666666 0.26296296296296295
0 0.8145833333333333 0.611574074074074 0.121875 0.36944444444444446
0 0.92265625 0.3592592592592593 0.0265625 0.11481481481481481
0 0.9747395833333333 0.3125 0.0109375 0.04351851851851852
0 0.08619791666666667 0.15462962962962962 0.009895833333333333 0.03518518518518519