0 0.13697916666666668 0.9671296296296297 0.06666666666666667 0.062037037037037036
0 0.07838541666666667 0.6212962962962963 0.07552083333333333 0.3592592592592593
0 0.21328125 0.7333333333333333 0.13072916666666667 0.42592592592592593
0 0.5408854166666667 0.7976851851851852 0.19010416666666666 0.4027777777777778
0 0.6018229166666667 0.7930555555555555 0.15989583333333332 0.41203703703703703
0 0.6229166666666667 0.5078703703703704 0.07395833333333333 0.23796296296296296
0 0.8153645833333333 0.6467592592592593 0.06822916666666666 0.36944444444444446
0 0.7401041666666667 0.4532407407407407 0.06666666666666667 0.2601851851851852
0 0.81484375 0.4115740740740741 0.0515625 0.20092592592592592
0 0.9432291666666667 0.35694444444444445 0.021875 0.07314814814814814
0 0.9802083333333333 0.35694444444444445 0.016666666666666666 0.075
0 0.10729166666666666 0.15787037037037038 0.015625 0.04351851851851852