0 0.43307291666666664 0.2537037037037037 0.033854166666666664 0.23333333333333334
0 0.48776041666666664 0.25046296296296294 0.0359375 0.2064814814814815
0 0.5546875 0.274537037037037 0.03125 0.22314814814814815
0 0.5263020833333333 0.29814814814814816 0.03697916666666667 0.22962962962962963
0 0.825 0.22592592592592592 0.016666666666666666 0.08703703703703704
0 0.8067708333333333 0.21296296296296297 0.020833333333333332 0.09444444444444444
0 0.89609375 0.45925925925925926 0.033854166666666664 0.09074074074074075
0 0.8018229166666667 0.42453703703703705 0.0515625 0.2861111111111111
0 0.3484375 0.26990740740740743 0.06354166666666666 0.2490740740740741
0 0.7401041666666667 0.1638888888888889 0.022916666666666665 0.05925925925925926
0 0.7390625 0.27870370370370373 0.05 0.19074074074074074