0 0.1375 0.9638888888888889 0.06666666666666667 0.06851851851851852
0 0.07604166666666666 0.6143518518518518 0.08020833333333334 0.36018518518518516
0 0.21328125 0.7333333333333333 0.13072916666666667 0.42592592592592593
0 0.5442708333333334 0.8069444444444445 0.17708333333333334 0.3824074074074074
0 0.6020833333333333 0.7856481481481481 0.15208333333333332 0.42314814814814816
0 0.6229166666666667 0.5074074074074074 0.08229166666666667 0.2537037037037037
0 0.8153645833333333 0.6467592592592593 0.06822916666666666 0.36944444444444446
0 0.7401041666666667 0.4532407407407407 0.06666666666666667 0.2601851851851852
0 0.8158854166666667 0.4134259259259259 0.050520833333333334 0.20462962962962963
0 0.93359375 0.37083333333333335 0.0265625 0.10648148148148148
0 0.9791666666666666 0.3648148148148148 0.020833333333333332 0.07962962962962963
0 0.10729166666666666 0.15787037037037038 0.015625 0.04351851851851852