0 0.13697916666666668 0.9634259259259259 0.065625 0.06759259259259259
0 0.0734375 0.6134259259259259 0.078125 0.3712962962962963
0 0.21328125 0.7333333333333333 0.13072916666666667 0.42592592592592593
0 0.53984375 0.8087962962962963 0.16927083333333334 0.38055555555555554
0 0.6 0.7912037037037037 0.15104166666666666 0.41574074074074074
0 0.6255208333333333 0.5083333333333333 0.08645833333333333 0.24074074074074073
0 0.8153645833333333 0.6467592592592593 0.06822916666666666 0.36944444444444446
0 0.7401041666666667 0.4532407407407407 0.06666666666666667 0.2601851851851852
0 0.81875 0.4111111111111111 0.04583333333333333 0.2037037037037037
0 0.9234375 0.41064814814814815 0.03333333333333333 0.14537037037037037
0 0.97265625 0.3907407407407407 0.025520833333333333 0.11296296296296296
0 0.10729166666666666 0.15787037037037038 0.015625 0.04351851851851852