0 0.13098958333333333 0.9625 0.06927083333333334 0.0712962962962963
0 0.07239583333333334 0.6194444444444445 0.06666666666666667 0.3592592592592593
0 0.21328125 0.7333333333333333 0.13072916666666667 0.42592592592592593
0 0.5408854166666667 0.7976851851851852 0.18489583333333334 0.4027777777777778
0 0.5981770833333333 0.7847222222222222 0.16510416666666666 0.4212962962962963
0 0.6166666666666667 0.5106481481481482 0.08229166666666667 0.25277777777777777
0 0.8153645833333333 0.6467592592592593 0.06822916666666666 0.36944444444444446
0 0.7401041666666667 0.4532407407407407 0.06666666666666667 0.2601851851851852
0 0.8177083333333334 0.41064814814814815 0.046875 0.2064814814814815
0 0.9658854166666667 0.3162037037037037 0.013020833333333334 0.023148148148148147
0 0.9919270833333333 0.32685185185185184 0.0109375 0.040740740740740744