0 0.14635416666666667 0.9560185185185185 0.07708333333333334 0.08611111111111111
0 0.07135416666666666 0.6282407407407408 0.06875 0.35648148148148145
0 0.21328125 0.7333333333333333 0.13072916666666667 0.42592592592592593
0 0.53984375 0.7958333333333333 0.18697916666666667 0.4064814814814815
0 0.5981770833333333 0.7800925925925926 0.14010416666666667 0.43796296296296294
0 0.61953125 0.5013888888888889 0.0796875 0.2490740740740741
0 0.8153645833333333 0.6467592592592593 0.06822916666666666 0.36944444444444446
0 0.7401041666666667 0.4532407407407407 0.06666666666666667 0.2601851851851852
0 0.815625 0.41712962962962963 0.04791666666666667 0.20462962962962963
0 0.9731770833333333 0.30648148148148147 0.009895833333333333 0.024074074074074074
0 0.99453125 0.3138888888888889 0.0067708333333333336 0.03333333333333333