0 0.4546875 0.24444444444444444 0.029166666666666667 0.22037037037037038
0 0.5075520833333333 0.1787037037037037 0.024479166666666666 0.07777777777777778
0 0.4864583333333333 0.1814814814814815 0.017708333333333333 0.03148148148148148
0 0.49765625 0.29398148148148145 0.034895833333333334 0.2101851851851852
0 0.7885416666666667 0.20694444444444443 0.015625 0.07685185185185185
0 0.74765625 0.2986111111111111 0.0359375 0.19722222222222222
0 0.7963541666666667 0.3074074074074074 0.042708333333333334 0.19814814814814816
0 0.8346354166666666 0.36435185185185187 0.04635416666666667 0.22314814814814815
0 0.7080729166666667 0.24768518518518517 0.028645833333333332 0.1638888888888889
0 0.6192708333333333 0.3921296296296296 0.07291666666666667 0.2916666666666667
0 0.6533854166666667 0.06157407407407407 0.015104166666666667 0.05462962962962963