0 0.13723958333333333 0.9643518518518519 0.0671875 0.06944444444444445
0 0.078125 0.6097222222222223 0.07604166666666666 0.36203703703703705
0 0.21328125 0.7333333333333333 0.13072916666666667 0.42592592592592593
0 0.5455729166666666 0.8106481481481481 0.17760416666666667 0.3768518518518518
0 0.6020833333333333 0.7907407407407407 0.16041666666666668 0.40185185185185185
0 0.6247395833333333 0.5092592592592593 0.08697916666666666 0.2351851851851852
0 0.8153645833333333 0.6467592592592593 0.06822916666666666 0.36944444444444446
0 0.7401041666666667 0.4532407407407407 0.06666666666666667 0.2601851851851852
0 0.8171875 0.4101851851851852 0.04791666666666667 0.19814814814814816
0 0.9130208333333333 0.4425925925925926 0.040625 0.15925925925925927
0 0.96484375 0.4078703703703704 0.027604166666666666 0.1287037037037037
0 0.10729166666666666 0.15787037037037038 0.015625 0.04351851851851852