0 0.46927083333333336 0.23564814814814813 0.034375 0.20833333333333334
0 0.5346354166666667 0.23333333333333334 0.0296875 0.19074074074074074
0 0.553125 0.29907407407407405 0.04895833333333333 0.24259259259259258
0 0.50546875 0.2861111111111111 0.0359375 0.22037037037037038
0 0.7888020833333333 0.18981481481481483 0.022395833333333334 0.05
0 0.7677083333333333 0.175 0.011458333333333333 0.037037037037037035
0 0.78671875 0.2722222222222222 0.024479166666666666 0.12407407407407407
0 0.7583333333333333 0.2513888888888889 0.028125 0.13796296296296295
0 0.65546875 0.3421296296296296 0.0515625 0.2935185185185185
0 0.61171875 0.34074074074074073 0.04114583333333333 0.23333333333333334
0 0.4859375 0.1550925925925926 0.016666666666666666 0.06018518518518518