0 0.13541666666666666 0.9648148148148148 0.06666666666666667 0.06666666666666667
0 0.07526041666666666 0.6208333333333333 0.0859375 0.3675925925925926
0 0.21328125 0.7333333333333333 0.13072916666666667 0.42592592592592593
0 0.540625 0.7962962962962963 0.190625 0.40555555555555556
0 0.5973958333333333 0.7819444444444444 0.16354166666666667 0.41944444444444445
0 0.6182291666666667 0.512962962962963 0.08333333333333333 0.25925925925925924
0 0.8153645833333333 0.6467592592592593 0.06822916666666666 0.36944444444444446
0 0.7401041666666667 0.4532407407407407 0.06666666666666667 0.2601851851851852
0 0.815625 0.4162037037037037 0.053125 0.18796296296296297
0 0.9510416666666667 0.3337962962962963 0.01875 0.03981481481481482
0 0.984375 0.3384259259259259 0.011458333333333333 0.03796296296296296