0 0.44557291666666665 0.24953703703703703 0.03802083333333333 0.21944444444444444
0 0.5260416666666666 0.24537037037037038 0.023958333333333335 0.20185185185185187
0 0.571875 0.29907407407407405 0.04479166666666667 0.2462962962962963
0 0.5015625 0.2851851851851852 0.036458333333333336 0.21296296296296297
0 0.79609375 0.19212962962962962 0.009895833333333333 0.06759259259259259
0 0.8424479166666666 0.23796296296296296 0.011979166666666667 0.07407407407407407
0 0.81640625 0.22361111111111112 0.019270833333333334 0.0824074074074074
0 0.778125 0.23657407407407408 0.028125 0.14907407407407408
0 0.7361979166666667 0.2324074074074074 0.022395833333333334 0.12222222222222222
0 0.75078125 0.16064814814814815 0.0140625 0.058333333333333334
0 0.3260416666666667 0.5407407407407407 0.08541666666666667 0.4222222222222222