0 0.1359375 0.9638888888888889 0.065625 0.06851851851851852
0 0.07916666666666666 0.6194444444444445 0.07916666666666666 0.37222222222222223
0 0.21328125 0.7333333333333333 0.13072916666666667 0.42592592592592593
0 0.54609375 0.8083333333333333 0.17864583333333334 0.3814814814814815
0 0.6046875 0.7875 0.15729166666666666 0.41203703703703703
0 0.6255208333333333 0.5138888888888888 0.078125 0.2537037037037037
0 0.8153645833333333 0.6467592592592593 0.06822916666666666 0.36944444444444446
0 0.7401041666666667 0.4532407407407407 0.06666666666666667 0.2601851851851852
0 0.8190104166666666 0.40879629629629627 0.0453125 0.19907407407407407
0 0.91484375 0.4287037037037037 0.0390625 0.14444444444444443
0 0.9666666666666667 0.4023148148148148 0.026041666666666668 0.12314814814814815
0 0.10729166666666666 0.15787037037037038 0.015625 0.04351851851851852