0 0.13411458333333334 0.961574074074074 0.07135416666666666 0.075
0 0.071875 0.6222222222222222 0.06770833333333333 0.35185185185185186
0 0.21328125 0.7333333333333333 0.13072916666666667 0.42592592592592593
0 0.5434895833333333 0.8106481481481481 0.20052083333333334 0.3768518518518518
0 0.5979166666666667 0.7837962962962963 0.15625 0.4212962962962963
0 0.61484375 0.5074074074074074 0.0796875 0.24074074074074073
0 0.8153645833333333 0.6467592592592593 0.06822916666666666 0.36944444444444446
0 0.7401041666666667 0.4532407407407407 0.06666666666666667 0.2601851851851852
0 0.8153645833333333 0.4148148148148148 0.0484375 0.20555555555555555
0 0.9697916666666667 0.31157407407407406 0.009375 0.023148148148148147
0 0.99296875 0.32314814814814813 0.009895833333333333 0.02962962962962963