0 0.13723958333333333 0.9652777777777778 0.06614583333333333 0.06759259259259259
0 0.07708333333333334 0.6180555555555556 0.07083333333333333 0.3675925925925926
0 0.21328125 0.7333333333333333 0.13072916666666667 0.42592592592592593
0 0.5479166666666667 0.8138888888888889 0.17291666666666666 0.37037037037037035
0 0.6015625 0.7870370370370371 0.15625 0.4166666666666667
0 0.625 0.5106481481481482 0.075 0.24351851851851852
0 0.8153645833333333 0.6467592592592593 0.06822916666666666 0.36944444444444446
0 0.7401041666666667 0.4532407407407407 0.06666666666666667 0.2601851851851852
0 0.8192708333333333 0.4097222222222222 0.04583333333333333 0.20092592592592592
0 0.9299479166666667 0.38935185185185184 0.03697916666666667 0.11203703703703703
0 0.9778645833333334 0.375 0.019270833333333334 0.10185185185185185
0 0.10729166666666666 0.15787037037037038 0.015625 0.04351851851851852