0 0.13151041666666666 0.9652777777777778 0.06927083333333334 0.06759259259259259
0 0.07161458333333333 0.6162037037037037 0.08489583333333334 0.33240740740740743
0 0.21328125 0.7333333333333333 0.13072916666666667 0.42592592592592593
0 0.5416666666666666 0.8004629629629629 0.18020833333333333 0.3972222222222222
0 0.6015625 0.788425925925926 0.15208333333333332 0.41388888888888886
0 0.6197916666666666 0.5101851851851852 0.08125 0.2518518518518518
0 0.8153645833333333 0.6467592592592593 0.06822916666666666 0.36944444444444446
0 0.7401041666666667 0.4532407407407407 0.06666666666666667 0.2601851851851852
0 0.81640625 0.41759259259259257 0.0484375 0.20555555555555555
0 0.9643229166666667 0.32083333333333336 0.013020833333333334 0.03425925925925926
0 0.9903645833333333 0.3296296296296296 0.015104166666666667 0.037037037037037035