0 0.13515625 0.9666666666666667 0.0640625 0.06111111111111111
0 0.07604166666666666 0.6171296296296296 0.08020833333333334 0.35833333333333334
0 0.21328125 0.7333333333333333 0.13072916666666667 0.42592592592592593
0 0.5442708333333334 0.8069444444444445 0.18020833333333333 0.38425925925925924
0 0.6028645833333334 0.7842592592592592 0.16510416666666666 0.4222222222222222
0 0.6151041666666667 0.5148148148148148 0.08020833333333334 0.24814814814814815
0 0.8153645833333333 0.6467592592592593 0.06822916666666666 0.36944444444444446
0 0.7401041666666667 0.4532407407407407 0.06666666666666667 0.2601851851851852
0 0.81328125 0.4125 0.05364583333333333 0.19907407407407407
0 0.946875 0.35462962962962963 0.025 0.07777777777777778
0 0.9825520833333333 0.3416666666666667 0.0171875 0.046296296296296294