0 0.13463541666666667 0.962037037037037 0.06927083333333334 0.07222222222222222
0 0.07239583333333334 0.6152777777777778 0.0875 0.33240740740740743
0 0.21328125 0.7333333333333333 0.13072916666666667 0.42592592592592593
0 0.5442708333333334 0.7972222222222223 0.18541666666666667 0.40370370370370373
0 0.6046875 0.7842592592592592 0.15520833333333334 0.42407407407407405
0 0.6169270833333333 0.5101851851851852 0.0828125 0.24814814814814815
0 0.8153645833333333 0.6467592592592593 0.06822916666666666 0.36944444444444446
0 0.7401041666666667 0.4532407407407407 0.06666666666666667 0.2601851851851852
0 0.8153645833333333 0.41574074074074074 0.05364583333333333 0.2
0 0.9580729166666667 0.32731481481481484 0.015104166666666667 0.03796296296296296
0 0.98671875 0.33101851851851855 0.0140625 0.03981481481481482