0 0.1390625 0.9587962962962963 0.07291666666666667 0.08055555555555556
0 0.07239583333333334 0.6268518518518519 0.06979166666666667 0.362962962962963
0 0.21328125 0.7333333333333333 0.13072916666666667 0.42592592592592593
0 0.54140625 0.799537037037037 0.18697916666666667 0.3990740740740741
0 0.6010416666666667 0.7828703703703703 0.13541666666666666 0.4324074074074074
0 0.6177083333333333 0.5027777777777778 0.07916666666666666 0.24444444444444444
0 0.8153645833333333 0.6467592592592593 0.06822916666666666 0.36944444444444446
0 0.7401041666666667 0.4532407407407407 0.06666666666666667 0.2601851851851852
0 0.8158854166666667 0.4148148148148148 0.0484375 0.2074074074074074
0 0.97265625 0.3087962962962963 0.0109375 0.025
0 0.9932291666666667 0.3212962962962963 0.009375 0.03888888888888889