0 0.13541666666666666 0.9652777777777778 0.06875 0.06388888888888888
0 0.07135416666666666 0.6180555555555556 0.08854166666666667 0.3398148148148148
0 0.21328125 0.7333333333333333 0.13072916666666667 0.42592592592592593
0 0.53984375 0.8013888888888889 0.18177083333333333 0.39537037037037037
0 0.60234375 0.7824074074074074 0.15989583333333332 0.42962962962962964
0 0.6174479166666667 0.5078703703703704 0.09635416666666667 0.22685185185185186
0 0.8153645833333333 0.6467592592592593 0.06822916666666666 0.36944444444444446
0 0.7401041666666667 0.4532407407407407 0.06666666666666667 0.2601851851851852
0 0.8174479166666667 0.4115740740740741 0.0453125 0.18981481481481483
0 0.9528645833333333 0.324537037037037 0.018229166666666668 0.032407407407407406
0 0.9859375 0.33611111111111114 0.009375 0.03888888888888889