0 0.134375 0.9671296296296297 0.06354166666666666 0.062037037037037036
0 0.07317708333333334 0.6157407407407407 0.07760416666666667 0.35
0 0.21328125 0.7333333333333333 0.13072916666666667 0.42592592592592593
0 0.5408854166666667 0.8074074074074075 0.17760416666666667 0.38333333333333336
0 0.5971354166666667 0.7819444444444444 0.1609375 0.42314814814814816
0 0.6174479166666667 0.5083333333333333 0.07864583333333333 0.24814814814814815
0 0.8153645833333333 0.6467592592592593 0.06822916666666666 0.36944444444444446
0 0.7401041666666667 0.4532407407407407 0.06666666666666667 0.2601851851851852
0 0.8166666666666667 0.4148148148148148 0.051041666666666666 0.19814814814814816
0 0.9489583333333333 0.3486111111111111 0.022916666666666665 0.06944444444444445
0 0.98359375 0.3384259259259259 0.0171875 0.04351851851851852