0 0.13671875 0.9634259259259259 0.06614583333333333 0.06759259259259259
0 0.07473958333333333 0.6074074074074074 0.07239583333333334 0.3425925925925926
0 0.21328125 0.7333333333333333 0.13072916666666667 0.42592592592592593
0 0.5424479166666667 0.8083333333333333 0.1765625 0.3814814814814815
0 0.60078125 0.7902777777777777 0.15989583333333332 0.41759259259259257
0 0.6283854166666667 0.512962962962963 0.07760416666666667 0.2518518518518518
0 0.8153645833333333 0.6467592592592593 0.06822916666666666 0.36944444444444446
0 0.7401041666666667 0.4532407407407407 0.06666666666666667 0.2601851851851852
0 0.8177083333333334 0.41435185185185186 0.051041666666666666 0.20092592592592592
0 0.9265625 0.4050925925925926 0.029166666666666667 0.12129629629629629
0 0.97421875 0.3851851851851852 0.0203125 0.10185185185185185
0 0.10729166666666666 0.15787037037037038 0.015625 0.04351851851851852