0 0.13619791666666667 0.9634259259259259 0.06510416666666667 0.06759259259259259
0 0.07786458333333333 0.6175925925925926 0.0796875 0.37962962962962965
0 0.21328125 0.7333333333333333 0.13072916666666667 0.42592592592592593
0 0.54765625 0.8027777777777778 0.1765625 0.3907407407407407
0 0.5994791666666667 0.7875 0.15625 0.41388888888888886
0 0.6270833333333333 0.5097222222222222 0.07395833333333333 0.23981481481481481
0 0.8153645833333333 0.6467592592592593 0.06822916666666666 0.36944444444444446
0 0.7401041666666667 0.4532407407407407 0.06666666666666667 0.2601851851851852
0 0.8145833333333333 0.4111111111111111 0.04895833333333333 0.2
0 0.91796875 0.4263888888888889 0.03697916666666667 0.14722222222222223
0 0.9690104166666667 0.39537037037037037 0.024479166666666666 0.11666666666666667
0 0.10729166666666666 0.15787037037037038 0.015625 0.04351851851851852