0 0.13697916666666668 0.9648148148148148 0.06666666666666667 0.06666666666666667
0 0.0765625 0.6138888888888889 0.07916666666666666 0.3611111111111111
0 0.21328125 0.7333333333333333 0.13072916666666667 0.42592592592592593
0 0.5421875 0.8111111111111111 0.171875 0.37592592592592594
0 0.6010416666666667 0.7856481481481481 0.15416666666666667 0.41388888888888886
0 0.625 0.5064814814814815 0.07916666666666666 0.24814814814814815
0 0.8153645833333333 0.6467592592592593 0.06822916666666666 0.36944444444444446
0 0.7401041666666667 0.4532407407407407 0.06666666666666667 0.2601851851851852
0 0.8184895833333333 0.40879629629629627 0.04739583333333333 0.20092592592592592
0 0.9294270833333333 0.39537037037037037 0.03697916666666667 0.11481481481481481
0 0.9755208333333333 0.37916666666666665 0.020833333333333332 0.10092592592592593
0 0.10729166666666666 0.15787037037037038 0.015625 0.04351851851851852