0 0.13229166666666667 0.9652777777777778 0.06979166666666667 0.06574074074074074
0 0.07161458333333333 0.6152777777777778 0.08802083333333334 0.33425925925925926
0 0.21328125 0.7333333333333333 0.13072916666666667 0.42592592592592593
0 0.5375 0.7935185185185185 0.1875 0.4111111111111111
0 0.6002604166666666 0.787962962962963 0.15885416666666666 0.412962962962963
0 0.61640625 0.5069444444444444 0.07864583333333333 0.23796296296296296
0 0.8153645833333333 0.6467592592592593 0.06822916666666666 0.36944444444444446
0 0.7401041666666667 0.4532407407407407 0.06666666666666667 0.2601851851851852
0 0.81640625 0.4125 0.049479166666666664 0.20277777777777778
0 0.9622395833333334 0.32083333333333336 0.016145833333333335 0.03425925925925926
0 0.9903645833333333 0.3282407407407407 0.013020833333333334 0.03981481481481482