0 0.13619791666666667 0.9643518518518519 0.0640625 0.06759259259259259
0 0.0734375 0.6101851851851852 0.08125 0.3648148148148148
0 0.21328125 0.7333333333333333 0.13072916666666667 0.42592592592592593
0 0.5458333333333333 0.812962962962963 0.17395833333333333 0.36666666666666664
0 0.6005208333333333 0.7861111111111111 0.16354166666666667 0.4166666666666667
0 0.62734375 0.5092592592592593 0.0734375 0.24259259259259258
0 0.8153645833333333 0.6467592592592593 0.06822916666666666 0.36944444444444446
0 0.7401041666666667 0.4532407407407407 0.06666666666666667 0.2601851851851852
0 0.8182291666666667 0.4111111111111111 0.04583333333333333 0.20185185185185187
0 0.9197916666666667 0.42777777777777776 0.036458333333333336 0.15185185185185185
0 0.96875 0.39490740740740743 0.023958333333333335 0.11944444444444445
0 0.10729166666666666 0.15787037037037038 0.015625 0.04351851851851852