0 0.13723958333333333 0.9643518518518519 0.06510416666666667 0.06759259259259259
0 0.07630208333333334 0.6138888888888889 0.07760416666666667 0.3685185185185185
0 0.21328125 0.7333333333333333 0.13072916666666667 0.42592592592592593
0 0.5458333333333333 0.8069444444444445 0.17916666666666667 0.38425925925925924
0 0.6020833333333333 0.7851851851851852 0.16041666666666668 0.42407407407407405
0 0.6239583333333333 0.5027777777777778 0.07291666666666667 0.23148148148148148
0 0.8153645833333333 0.6467592592592593 0.06822916666666666 0.36944444444444446
0 0.7401041666666667 0.4532407407407407 0.06666666666666667 0.2601851851851852
0 0.8184895833333333 0.40925925925925927 0.0484375 0.19814814814814816
0 0.9328125 0.37777777777777777 0.030208333333333334 0.10925925925925926
0 0.9770833333333333 0.3787037037037037 0.020833333333333332 0.1
0 0.10729166666666666 0.15787037037037038 0.015625 0.04351851851851852