0 0.13489583333333333 0.9671296296296297 0.06354166666666666 0.06018518518518518
0 0.07578125 0.6171296296296296 0.08802083333333334 0.3490740740740741
0 0.21328125 0.7333333333333333 0.13072916666666667 0.42592592592592593
0 0.5419270833333333 0.8032407407407407 0.1859375 0.39166666666666666
0 0.596875 0.7842592592592592 0.16145833333333334 0.42407407407407405
0 0.6205729166666667 0.5101851851851852 0.08177083333333333 0.2518518518518518
0 0.8153645833333333 0.6467592592592593 0.06822916666666666 0.36944444444444446
0 0.7401041666666667 0.4532407407407407 0.06666666666666667 0.2601851851851852
0 0.8140625 0.41064814814814815 0.05 0.20092592592592592
0 0.9432291666666667 0.3574074074074074 0.020833333333333332 0.0962962962962963
0 0.9809895833333333 0.34814814814814815 0.015104166666666667 0.05555555555555555
0 0.10729166666666666 0.15787037037037038 0.015625 0.04351851851851852