0 0.13802083333333334 0.9625 0.06666666666666667 0.0712962962962963
0 0.0734375 0.6166666666666667 0.08958333333333333 0.34074074074074073
0 0.21328125 0.7333333333333333 0.13072916666666667 0.42592592592592593
0 0.5403645833333334 0.8046296296296296 0.1828125 0.3888888888888889
0 0.5984375 0.7833333333333333 0.159375 0.42962962962962964
0 0.6213541666666667 0.5069444444444444 0.071875 0.23796296296296296
0 0.8153645833333333 0.6467592592592593 0.06822916666666666 0.36944444444444446
0 0.7401041666666667 0.4532407407407407 0.06666666666666667 0.2601851851851852
0 0.8140625 0.41064814814814815 0.05 0.20833333333333334
0 0.9361979166666666 0.3731481481481482 0.028645833333333332 0.11481481481481481
0 0.9786458333333333 0.3638888888888889 0.020833333333333332 0.08518518518518518
0 0.10729166666666666 0.15787037037037038 0.015625 0.04351851851851852