0 0.1328125 0.9643518518518519 0.06979166666666667 0.06759259259259259
0 0.07135416666666666 0.6152777777777778 0.08958333333333333 0.33611111111111114
0 0.21328125 0.7333333333333333 0.13072916666666667 0.42592592592592593
0 0.5403645833333334 0.7953703703703704 0.18697916666666667 0.4074074074074074
0 0.59765625 0.7875 0.15677083333333333 0.41944444444444445
0 0.6171875 0.5092592592592593 0.07916666666666666 0.24074074074074073
0 0.8153645833333333 0.6467592592592593 0.06822916666666666 0.36944444444444446
0 0.7401041666666667 0.4532407407407407 0.06666666666666667 0.2601851851851852
0 0.8158854166666667 0.4134259259259259 0.05364583333333333 0.19722222222222222
0 0.9596354166666666 0.3226851851851852 0.015104166666666667 0.03425925925925926
0 0.9875 0.33055555555555555 0.0125 0.04259259259259259