0 0.13151041666666666 0.9597222222222223 0.0703125 0.0787037037037037
0 0.07135416666666666 0.6171296296296296 0.06875 0.35462962962962963
0 0.21328125 0.7333333333333333 0.13072916666666667 0.42592592592592593
0 0.5427083333333333 0.7907407407407407 0.18854166666666666 0.4166666666666667
0 0.5997395833333333 0.7870370370370371 0.15677083333333333 0.4148148148148148
0 0.6153645833333333 0.5115740740740741 0.08177083333333333 0.24722222222222223
0 0.8153645833333333 0.6467592592592593 0.06822916666666666 0.36944444444444446
0 0.7401041666666667 0.4532407407407407 0.06666666666666667 0.2601851851851852
0 0.8171875 0.4111111111111111 0.05 0.1925925925925926
0 0.9671875 0.31527777777777777 0.0125 0.021296296296296296
0 0.9924479166666667 0.32592592592592595 0.0109375 0.027777777777777776