0 0.13697916666666668 0.9629629629629629 0.065625 0.07037037037037037
0 0.075 0.6129629629629629 0.06979166666666667 0.3592592592592593
0 0.21328125 0.7333333333333333 0.13072916666666667 0.42592592592592593
0 0.54375 0.7972222222222223 0.18854166666666666 0.40370370370370373
0 0.6005208333333333 0.7847222222222222 0.16145833333333334 0.4287037037037037
0 0.62578125 0.5046296296296297 0.07760416666666667 0.2537037037037037
0 0.8153645833333333 0.6467592592592593 0.06822916666666666 0.36944444444444446
0 0.7401041666666667 0.4532407407407407 0.06666666666666667 0.2601851851851852
0 0.81796875 0.4101851851851852 0.04635416666666667 0.20185185185185187
0 0.9229166666666667 0.412962962962963 0.03125 0.13333333333333333
0 0.9716145833333333 0.38981481481481484 0.022395833333333334 0.10555555555555556
0 0.10729166666666666 0.15787037037037038 0.015625 0.04351851851851852