0 0.1375 0.9643518518518519 0.06666666666666667 0.06574074074074074
0 0.071875 0.6097222222222223 0.08125 0.3527777777777778
0 0.21328125 0.7333333333333333 0.13072916666666667 0.42592592592592593
0 0.5411458333333333 0.8097222222222222 0.17604166666666668 0.3787037037037037
0 0.6052083333333333 0.7805555555555556 0.15833333333333333 0.4203703703703704
0 0.621875 0.5078703703703704 0.07916666666666666 0.24537037037037038
0 0.8153645833333333 0.6467592592592593 0.06822916666666666 0.36944444444444446
0 0.7401041666666667 0.4532407407407407 0.06666666666666667 0.2601851851851852
0 0.8151041666666666 0.41064814814814815 0.04895833333333333 0.19722222222222222
0 0.9390625 0.3662037037037037 0.026041666666666668 0.10092592592592593
0 0.9791666666666666 0.3638888888888889 0.020833333333333332 0.08703703703703704
0 0.10729166666666666 0.15787037037037038 0.015625 0.04351851851851852