0 0.1375 0.9652777777777778 0.06666666666666667 0.06574074074074074
0 0.0734375 0.6037037037037037 0.08020833333333334 0.35
0 0.21328125 0.7333333333333333 0.13072916666666667 0.42592592592592593
0 0.5432291666666667 0.8115740740740741 0.17604166666666668 0.375
0 0.6036458333333333 0.7902777777777777 0.153125 0.41203703703703703
0 0.6270833333333333 0.5157407407407407 0.071875 0.2518518518518518
0 0.8153645833333333 0.6467592592592593 0.06822916666666666 0.36944444444444446
0 0.7401041666666667 0.4532407407407407 0.06666666666666667 0.2601851851851852
0 0.8153645833333333 0.40879629629629627 0.050520833333333334 0.20462962962962963
0 0.9080729166666667 0.4601851851851852 0.0421875 0.19814814814814816
0 0.9638020833333333 0.4046296296296296 0.025520833333333333 0.12777777777777777
0 0.10729166666666666 0.15787037037037038 0.015625 0.04351851851851852