0 0.5395238095238095 0.2700573065902579 0.06952380952380953 0.19054441260744986
0 0.6476190476190476 0.28939828080229224 0.06095238095238095 0.17191977077363896
0 0.12571428571428572 0.3037249283667622 0.06666666666666667 0.21203438395415472
0 0.61 0.32449856733524357 0.05238095238095238 0.17621776504297995
0 0.17857142857142858 0.32951289398280803 0.06190476190476191 0.19484240687679083
0 0.9004761904761904 0.33954154727793695 0.05238095238095238 0.14326647564469913
0 0.2857142857142857 0.36103151862464183 0.04380952380952381 0.1977077363896848
0 0.2419047619047619 0.36891117478510027 0.045714285714285714 0.15902578796561603
0 0.8285714285714286 0.3997134670487106 0.05333333333333334 0.1833810888252149
0 0.88 0.40114613180515757 0.045714285714285714 0.19484240687679083
0 0.3161904761904762 0.4040114613180516 0.047619047619047616 0.22636103151862463
0 0.7071428571428572 0.505730659025788 0.07714285714285714 0.18051575931232092
0 0.8333333333333334 0.5465616045845272 0.07238095238095238 0.29083094555873923
0 0.24095238095238095 0.5702005730659025 0.09142857142857143 0.2808022922636103
0 0.6771428571428572 0.5773638968481375 0.06285714285714286 0.20916905444126074
0 0.7423809523809524 0.6110315186246418 0.0980952380952381 0.2621776504297994
0 0.15571428571428572 0.6375358166189111 0.0980952380952381 0.27793696275071633
0 0.32476190476190475 0.6411174785100286 0.09904761904761905 0.25644699140401145
0 0.8871428571428571 0.6475644699140402 0.08285714285714285 0.24068767908309455