0 0.8159722222222222 0.2622549019607843 0.059722222222222225 0.1568627450980392
0 0.4131944444444444 0.27450980392156865 0.07083333333333333 0.20098039215686275
0 0.6256944444444444 0.3235294117647059 0.06805555555555555 0.20098039215686275
0 0.6722222222222223 0.34068627450980393 0.058333333333333334 0.18627450980392157
0 0.28888888888888886 0.3480392156862745 0.06944444444444445 0.22549019607843138
0 0.3333333333333333 0.35294117647058826 0.03888888888888889 0.09313725490196079
0 0.5618055555555556 0.3541666666666667 0.07083333333333333 0.19362745098039216
0 0.07708333333333334 0.36642156862745096 0.05416666666666667 0.1642156862745098
0 0.021527777777777778 0.39338235294117646 0.043055555555555555 0.23774509803921567
0 0.2388888888888889 0.4583333333333333 0.058333333333333334 0.2549019607843137
0 0.39305555555555555 0.4693627450980392 0.05555555555555555 0.22303921568627452
0 0.32083333333333336 0.47671568627450983 0.06388888888888888 0.17401960784313725
0 0.041666666666666664 0.5110294117647058 0.044444444444444446 0.12990196078431374
0 0.1388888888888889 0.5379901960784313 0.06388888888888888 0.33578431372549017
0 0.4263888888888889 0.5698529411764706 0.058333333333333334 0.13480392156862744
0 0.7416666666666667 0.5759803921568627 0.058333333333333334 0.19117647058823528
0 0.8736111111111111 0.5919117647058824 0.06666666666666667 0.20833333333333334
0 0.09166666666666666 0.6041666666666666 0.058333333333333334 0.33088235294117646
0 0.6055555555555555 0.625 0.05555555555555555 0.16666666666666666
0 0.5263888888888889 0.6311274509803921 0.06944444444444445 0.25735294117647056
0 0.6472222222222223 0.6323529411764706 0.03888888888888889 0.12745098039215685
0 0.7020833333333333 0.6446078431372549 0.06805555555555555 0.1568627450980392
0 0.9694444444444444 0.6593137254901961 0.06111111111111111 0.20588235294117646
0 0.034027777777777775 0.6605392156862745 0.06805555555555555 0.27205882352941174
0 0.3527777777777778 0.7132352941176471 0.07222222222222222 0.3284313725490196
0 0.4618055555555556 0.7549019607843137 0.05416666666666667 0.30392156862745096
0 0.7076388888888889 0.7720588235294118 0.07083333333333333 0.18137254901960784
0 0.4166666666666667 0.7830882352941176 0.06666666666666667 0.33088235294117646
0 0.41180555555555554 0.7916666666666666 0.05694444444444444 0.3480392156862745
0 0.8298611111111112 0.7916666666666666 0.059722222222222225 0.21568627450980393
0 0.6395833333333333 0.8321078431372549 0.07083333333333333 0.3112745098039216
0 0.17083333333333334 0.8370098039215687 0.06388888888888888 0.32598039215686275
0 0.3229166666666667 0.8504901960784313 0.05416666666666667 0.29901960784313725
0 0.25416666666666665 0.8566176470588235 0.07777777777777778 0.2867647058823529
0 0.9423611111111111 0.8688725490196079 0.06805555555555555 0.21323529411764705
0 0.5083333333333333 0.875 0.06666666666666667 0.25
0 0.5673611111111111 0.8762254901960784 0.07083333333333333 0.24754901960784315
0 0.7972222222222223 0.9044117647058824 0.041666666666666664 0.16176470588235295
0 0.7541666666666667 0.9203431372549019 0.05 0.15931372549019607
0 0.8930555555555556 0.9276960784313726 0.075 0.14460784313725492
0 0.7034722222222223 0.9338235294117647 0.07361111111111111 0.1323529411764706
0 0.9256944444444445 0.13602941176470587 0.07361111111111111 0.2622549019607843
0 0.43472222222222223 0.13970588235294118 0.08055555555555556 0.2696078431372549
0 0.12222222222222222 0.14215686274509803 0.05277777777777778 0.16666666666666666
0 0.6118055555555556 0.1482843137254902 0.05694444444444444 0.15931372549019607
0 0.6645833333333333 0.1482843137254902 0.05416666666666667 0.2769607843137255
0 0.3138888888888889 0.1556372549019608 0.04722222222222222 0.22303921568627452
0 0.4875 0.16176470588235295 0.058333333333333334 0.2647058823529412
0 0.2826388888888889 0.17524509803921567 0.05694444444444444 0.19362745098039216
0 0.20555555555555555 0.17769607843137256 0.06388888888888888 0.16911764705882354
0 0.7166666666666667 0.18872549019607843 0.05277777777777778 0.1568627450980392
0 0.010416666666666666 0.21200980392156862 0.020833333333333332 0.12009803921568628
0 0.044444444444444446 0.22426470588235295 0.05 0.18382352941176472
0 0.85 0.22549019607843138 0.06666666666666667 0.20098039215686275
0 0.15138888888888888 0.22794117647058823 0.058333333333333334 0.16666666666666666