0 0.10138888888888889 0.33578431372549017 0.05555555555555555 0.18627450980392157
0 0.3875 0.03553921568627451 0.06944444444444445 0.07107843137254902
0 0.9006944444444445 0.38848039215686275 0.06805555555555555 0.3700980392156863
0 0.12708333333333333 0.4117647058823529 0.0763888888888889 0.20098039215686275
0 0.4479166666666667 0.04534313725490196 0.05694444444444444 0.09068627450980392
0 0.5611111111111111 0.4583333333333333 0.06388888888888888 0.28921568627450983
0 0.6256944444444444 0.47058823529411764 0.07083333333333333 0.30392156862745096
0 0.4756944444444444 0.47181372549019607 0.05694444444444444 0.2965686274509804
0 0.5222222222222223 0.4987745098039216 0.06111111111111111 0.3112745098039216
0 0.4486111111111111 0.5232843137254902 0.08055555555555556 0.25735294117647056
0 0.034027777777777775 0.553921568627451 0.06805555555555555 0.3137254901960784
0 0.07847222222222222 0.6544117647058824 0.05694444444444444 0.20098039215686275
0 0.5604166666666667 0.7205882352941176 0.059722222222222225 0.24019607843137256
0 0.8465277777777778 0.7426470588235294 0.06805555555555555 0.19607843137254902
0 0.13541666666666666 0.7965686274509803 0.05694444444444444 0.27941176470588236
0 0.5361111111111111 0.8370098039215687 0.058333333333333334 0.17892156862745098
0 0.2916666666666667 0.8578431372549019 0.06666666666666667 0.23039215686274508
0 0.8333333333333334 0.8933823529411765 0.058333333333333334 0.21323529411764705
0 0.4263888888888889 0.8970588235294118 0.07222222222222222 0.20588235294117646
0 0.8888888888888888 0.9031862745098039 0.07222222222222222 0.19362745098039216
0 0.7763888888888889 0.9056372549019608 0.05 0.18872549019607843
0 0.5152777777777777 0.9142156862745098 0.08055555555555556 0.1715686274509804
0 0.26944444444444443 0.9424019607843137 0.058333333333333334 0.11519607843137254
0 0.07152777777777777 0.11642156862745098 0.05416666666666667 0.23284313725490197
0 0.9138888888888889 0.12009803921568628 0.06111111111111111 0.24019607843137256
0 0.021527777777777778 0.1213235294117647 0.043055555555555555 0.2426470588235294
0 0.5611111111111111 0.1213235294117647 0.06388888888888888 0.2426470588235294
0 0.13541666666666666 0.12990196078431374 0.07083333333333333 0.2107843137254902
0 0.225 0.13112745098039216 0.06388888888888888 0.1642156862745098
0 0.3263888888888889 0.13480392156862744 0.06666666666666667 0.2696078431372549
0 0.4909722222222222 0.19607843137254902 0.07916666666666666 0.3137254901960784
0 0.38680555555555557 0.21568627450980393 0.07083333333333333 0.3235294117647059