0 0.7875 0.2536764705882353 0.06944444444444445 0.3161764705882353
0 0.5458333333333333 0.4264705882352941 0.08055555555555556 0.3284313725490196
0 0.45902777777777776 0.5379901960784313 0.059722222222222225 0.3799019607843137
0 0.4125 0.5674019607843137 0.06944444444444445 0.34068627450980393
0 0.7340277777777777 0.5857843137254902 0.059722222222222225 0.10784313725490197
0 0.7430555555555556 0.6838235294117647 0.041666666666666664 0.14215686274509803
0 0.8756944444444444 0.7193627450980392 0.07916666666666666 0.3897058823529412
0 0.28958333333333336 0.8321078431372549 0.07361111111111111 0.32107843137254904
0 0.7680555555555556 0.8553921568627451 0.08333333333333333 0.27941176470588236
0 0.6701388888888888 0.8676470588235294 0.059722222222222225 0.2549019607843137
0 0.6430555555555556 0.9142156862745098 0.06666666666666667 0.16176470588235295
0 0.6041666666666666 0.9558823529411765 0.06111111111111111 0.0784313725490196
0 0.4097222222222222 0.9620098039215687 0.044444444444444446 0.0661764705882353
0 0.7013888888888888 0.20955882352941177 0.08055555555555556 0.33088235294117646
0 0.2923611111111111 0.22181372549019607 0.059722222222222225 0.34558823529411764