0 0.49444444444444446 0.26715686274509803 0.06111111111111111 0.20098039215686275
0 0.3263888888888889 0.3333333333333333 0.06944444444444445 0.28431372549019607
0 0.43194444444444446 0.34191176470588236 0.044444444444444446 0.17401960784313725
0 0.26875 0.3627450980392157 0.03194444444444444 0.29411764705882354
0 0.24375 0.3700980392156863 0.034722222222222224 0.31862745098039214
0 0.46111111111111114 0.4019607843137255 0.044444444444444446 0.07352941176470588
0 0.08888888888888889 0.43014705882352944 0.07222222222222222 0.30637254901960786
0 0.6145833333333334 0.43504901960784315 0.059722222222222225 0.125
0 0.5083333333333333 0.4485294117647059 0.04722222222222222 0.16176470588235295
0 0.3902777777777778 0.4534313725490196 0.05555555555555555 0.28431372549019607
0 0.9458333333333333 0.4852941176470588 0.03888888888888889 0.1323529411764706
0 0.16111111111111112 0.49142156862745096 0.08333333333333333 0.21323529411764705
0 0.46875 0.5049019607843137 0.06805555555555555 0.14705882352941177
0 0.7583333333333333 0.5416666666666666 0.05555555555555555 0.3431372549019608
0 0.5597222222222222 0.5526960784313726 0.04722222222222222 0.35049019607843135
0 0.9777777777777777 0.5600490196078431 0.041666666666666664 0.11519607843137254
0 0.7152777777777778 0.5686274509803921 0.044444444444444446 0.35294117647058826
0 0.4465277777777778 0.5808823529411765 0.059722222222222225 0.06372549019607843
0 0.3263888888888889 0.6017156862745098 0.07777777777777778 0.27205882352941174
0 0.6756944444444445 0.6237745098039216 0.05138888888888889 0.3014705882352941
0 0.6361111111111111 0.633578431372549 0.05277777777777778 0.3112745098039216
0 0.5333333333333333 0.6409313725490197 0.041666666666666664 0.23284313725490197
0 0.5888888888888889 0.6458333333333334 0.05277777777777778 0.3112745098039216
0 0.3951388888888889 0.7132352941176471 0.034722222222222224 0.20098039215686275
0 0.4909722222222222 0.7132352941176471 0.05694444444444444 0.3088235294117647
0 0.4236111111111111 0.7573529411764706 0.044444444444444446 0.29901960784313725
0 0.1736111111111111 0.7683823529411765 0.09444444444444444 0.3602941176470588
0 0.31875 0.7781862745098039 0.0763888888888889 0.125
0 0.6986111111111111 0.8161764705882353 0.06388888888888888 0.22058823529411764
0 0.9048611111111111 0.8284313725490197 0.09027777777777778 0.30392156862745096
0 0.9652777777777778 0.8492647058823529 0.06944444444444445 0.2818627450980392
0 0.7548611111111111 0.8884803921568627 0.06805555555555555 0.2034313725490196
0 0.33055555555555555 0.9068627450980392 0.08333333333333333 0.17647058823529413
0 0.6777777777777778 0.9387254901960784 0.06111111111111111 0.11274509803921569
0 0.75625 0.22794117647058823 0.05416666666666667 0.3235294117647059