0 0.3458333333333333 0.27941176470588236 0.058333333333333334 0.19117647058823528
0 0.08263888888888889 0.2928921568627451 0.07916666666666666 0.23774509803921567
0 0.13541666666666666 0.3639705882352941 0.06805555555555555 0.18382352941176472
0 0.28194444444444444 0.375 0.04722222222222222 0.12254901960784313
0 0.021527777777777778 0.39950980392156865 0.043055555555555555 0.30392156862745096
0 0.24027777777777778 0.4338235294117647 0.05555555555555555 0.23039215686274508
0 0.7381944444444445 0.4424019607843137 0.06805555555555555 0.32598039215686275
0 0.8048611111111111 0.44607843137254904 0.07083333333333333 0.3333333333333333
0 0.875 0.4889705882352941 0.05555555555555555 0.22303921568627452
0 0.08958333333333333 0.5441176470588235 0.05694444444444444 0.30392156862745096
0 0.7548611111111111 0.6507352941176471 0.04861111111111111 0.12009803921568628
0 0.17083333333333334 0.6899509803921569 0.075 0.23284313725490197
0 0.6430555555555556 0.07230392156862746 0.04722222222222222 0.13970588235294118
0 0.04097222222222222 0.7156862745098039 0.08194444444444444 0.20588235294117646
0 0.3659722222222222 0.7267156862745098 0.06805555555555555 0.19852941176470587
0 0.4326388888888889 0.7549019607843137 0.07083333333333333 0.23039215686274508
0 0.7145833333333333 0.758578431372549 0.0625 0.2034313725490196
0 0.8666666666666667 0.7598039215686274 0.05555555555555555 0.2549019607843137
0 0.28055555555555556 0.7610294117647058 0.06666666666666667 0.19362745098039216
0 0.6215277777777778 0.7843137254901961 0.06527777777777778 0.23529411764705882
0 0.4986111111111111 0.8174019607843137 0.04722222222222222 0.18872549019607843
0 0.5652777777777778 0.8480392156862745 0.06388888888888888 0.23039215686274508
0 0.15069444444444444 0.8578431372549019 0.07083333333333333 0.23039215686274508
0 0.06944444444444445 0.08823529411764706 0.06944444444444445 0.17647058823529413
0 0.46319444444444446 0.8860294117647058 0.05416666666666667 0.19852941176470587
0 0.6736111111111112 0.8946078431372549 0.06666666666666667 0.2107843137254902
0 0.36875 0.9068627450980392 0.08194444444444444 0.18627450980392157
0 0.9458333333333333 0.9117647058823529 0.058333333333333334 0.17647058823529413
0 0.09027777777777778 0.9301470588235294 0.058333333333333334 0.13970588235294118
0 0.2701388888888889 0.9313725490196079 0.0763888888888889 0.13725490196078433
0 0.21041666666666667 0.9362745098039216 0.05138888888888889 0.12745098039215685
0 0.5215277777777778 0.9375 0.04861111111111111 0.125
0 0.7388888888888889 0.9485294117647058 0.03888888888888889 0.10294117647058823
0 0.8173611111111111 0.9558823529411765 0.0625 0.08823529411764706
0 0.5993055555555555 0.10784313725490197 0.05694444444444444 0.21568627450980393
0 0.17847222222222223 0.12377450980392157 0.0625 0.24754901960784315
0 0.5520833333333334 0.12745098039215685 0.0625 0.2549019607843137
0 0.9138888888888889 0.12745098039215685 0.06944444444444445 0.2549019607843137
0 0.24444444444444444 0.13112745098039216 0.08611111111111111 0.2622549019607843
0 0.5180555555555556 0.15808823529411764 0.05 0.23284313725490197
0 0.5194444444444445 0.15931372549019607 0.03888888888888889 0.25
0 0.41597222222222224 0.19117647058823528 0.0625 0.1568627450980392
0 0.4847222222222222 0.19117647058823528 0.05555555555555555 0.23039215686274508
0 0.49166666666666664 0.19117647058823528 0.05277777777777778 0.24019607843137256
0 0.41458333333333336 0.20098039215686275 0.059722222222222225 0.19117647058823528
0 0.7618055555555555 0.20465686274509803 0.04861111111111111 0.15931372549019607