0 0.1951388888888889 0.27328431372549017 0.06527777777777778 0.17401960784313725
0 0.05347222222222222 0.31495098039215685 0.059722222222222225 0.12009803921568628
0 0.6944444444444444 0.3161764705882353 0.03888888888888889 0.09803921568627451
0 0.12291666666666666 0.32965686274509803 0.06805555555555555 0.23774509803921567
0 0.7701388888888889 0.38235294117647056 0.06527777777777778 0.11764705882352941
0 0.9368055555555556 0.39950980392156865 0.07916666666666666 0.18137254901960784
0 0.8666666666666667 0.4215686274509804 0.05277777777777778 0.1715686274509804
0 0.1909722222222222 0.4227941176470588 0.04861111111111111 0.11519607843137254
0 0.6965277777777777 0.42892156862745096 0.0625 0.12745098039215685
0 0.7666666666666667 0.4338235294117647 0.05 0.2696078431372549
0 0.6444444444444445 0.4375 0.05277777777777778 0.20833333333333334
0 0.5881944444444445 0.4387254901960784 0.0625 0.19117647058823528
0 0.5291666666666667 0.4424019607843137 0.044444444444444446 0.11519607843137254
0 0.31527777777777777 0.4693627450980392 0.058333333333333334 0.2426470588235294
0 0.40625 0.4693627450980392 0.06805555555555555 0.21323529411764705
0 0.04375 0.4693627450980392 0.0625 0.18382352941176472
0 0.14444444444444443 0.47671568627450983 0.03333333333333333 0.13970588235294118
0 0.24722222222222223 0.4987745098039216 0.06111111111111111 0.13970588235294118
0 0.09513888888888888 0.5441176470588235 0.05694444444444444 0.1323529411764706
0 0.6645833333333333 0.056372549019607844 0.04861111111111111 0.09313725490196079
0 0.7944444444444444 0.571078431372549 0.06944444444444445 0.11764705882352941
0 0.43125 0.5968137254901961 0.04861111111111111 0.12009803921568628
0 0.7090277777777778 0.6188725490196079 0.0625 0.12009803921568628
0 0.8888888888888888 0.6323529411764706 0.06666666666666667 0.29411764705882354
0 0.25625 0.633578431372549 0.05694444444444444 0.1642156862745098
0 0.19930555555555557 0.6593137254901961 0.05416666666666667 0.15196078431372548
0 0.06875 0.6593137254901961 0.05138888888888889 0.16666666666666666
0 0.3972222222222222 0.6666666666666666 0.05 0.1568627450980392
0 0.9611111111111111 0.6678921568627451 0.05555555555555555 0.30637254901960786
0 0.5965277777777778 0.696078431372549 0.0763888888888889 0.14215686274509803
0 0.11666666666666667 0.7132352941176471 0.05555555555555555 0.18627450980392157
0 0.7701388888888889 0.7377450980392157 0.043055555555555555 0.19607843137254902
0 0.8243055555555555 0.7401960784313726 0.06805555555555555 0.24509803921568626
0 0.43472222222222223 0.7647058823529411 0.075 0.17647058823529413
0 0.28194444444444444 0.7696078431372549 0.06388888888888888 0.17647058823529413
0 0.5118055555555555 0.7794117647058824 0.0625 0.12745098039215685
0 0.17083333333333334 0.07965686274509803 0.06666666666666667 0.15931372549019607
0 0.59375 0.8125 0.05416666666666667 0.13480392156862744
0 0.65 0.8333333333333334 0.06111111111111111 0.24019607843137256
0 0.7131944444444445 0.8504901960784313 0.059722222222222225 0.2107843137254902
0 0.8951388888888889 0.8737745098039216 0.04861111111111111 0.17401960784313725
0 0.5701388888888889 0.08946078431372549 0.0625 0.1642156862745098
0 0.13125 0.8995098039215687 0.0875 0.20098039215686275
0 0.3611111111111111 0.09068627450980392 0.06388888888888888 0.18137254901960784
0 0.9590277777777778 0.9093137254901961 0.0763888888888889 0.18137254901960784
0 0.8569444444444444 0.9117647058823529 0.06666666666666667 0.17647058823529413
0 0.8590277777777777 0.9129901960784313 0.0625 0.17401960784313725
0 0.2972222222222222 0.9154411764705882 0.05555555555555555 0.13480392156862744
0 0.70625 0.09436274509803921 0.043055555555555555 0.18382352941176472
0 0.375 0.9313725490196079 0.06666666666666667 0.13725490196078433
0 0.5548611111111111 0.9399509803921569 0.07083333333333333 0.12009803921568628
0 0.29791666666666666 0.9473039215686274 0.0763888888888889 0.1053921568627451
0 0.45069444444444445 0.9497549019607843 0.07361111111111111 0.09558823529411764
0 0.60625 0.10049019607843138 0.04583333333333333 0.20098039215686275
0 0.8777777777777778 0.1017156862745098 0.058333333333333334 0.19852941176470587
0 0.5430555555555555 0.11397058823529412 0.06666666666666667 0.11519607843137254
0 0.12013888888888889 0.13848039215686275 0.059722222222222225 0.20833333333333334
0 0.4388888888888889 0.14460784313725492 0.04722222222222222 0.18137254901960784
0 0.05694444444444444 0.15073529411764705 0.05277777777777778 0.14460784313725492
0 0.4791666666666667 0.1715686274509804 0.04722222222222222 0.21568627450980393
0 0.2791666666666667 0.17892156862745098 0.07777777777777778 0.22549019607843138
0 0.8395833333333333 0.20220588235294118 0.059722222222222225 0.125
0 0.5673611111111111 0.20833333333333334 0.059722222222222225 0.11764705882352941
0 0.3527777777777778 0.21446078431372548 0.06666666666666667 0.12990196078431374
0 0.7277777777777777 0.23284313725490197 0.05 0.11764705882352941
0 0.5180555555555556 0.24387254901960784 0.06111111111111111 0.15931372549019607