0 0.5909722222222222 0.25245098039215685 0.07083333333333333 0.19607843137254902
0 0.5194444444444445 0.25980392156862747 0.044444444444444446 0.23039215686274508
0 0.7291666666666666 0.26348039215686275 0.05277777777777778 0.38480392156862747
0 0.02361111111111111 0.28921568627450983 0.04722222222222222 0.3333333333333333
0 0.66875 0.2916666666666667 0.07083333333333333 0.3284313725490196
0 0.12083333333333333 0.31862745098039214 0.07222222222222222 0.1715686274509804
0 0.31666666666666665 0.31985294117647056 0.06388888888888888 0.14950980392156862
0 0.7923611111111111 0.3272058823529412 0.05416666666666667 0.13970588235294118
0 0.38333333333333336 0.33578431372549017 0.07222222222222222 0.2549019607843137
0 0.8548611111111111 0.3394607843137255 0.04861111111111111 0.13970588235294118
0 0.16597222222222222 0.39705882352941174 0.043055555555555555 0.12745098039215685
0 0.9770833333333333 0.40808823529411764 0.04583333333333333 0.1053921568627451
0 0.5472222222222223 0.42769607843137253 0.05 0.32107843137254904
0 0.08819444444444445 0.44362745098039214 0.05694444444444444 0.14705882352941177
0 0.9083333333333333 0.44485294117647056 0.06944444444444445 0.11519607843137254
0 0.3423611111111111 0.4534313725490196 0.06527777777777778 0.18137254901960784
0 0.4388888888888889 0.4742647058823529 0.06388888888888888 0.18872549019607843
0 0.8125 0.5049019607843137 0.05277777777777778 0.1323529411764706
0 0.04722222222222222 0.05269607843137255 0.04722222222222222 0.1053921568627451
0 0.2916666666666667 0.5257352941176471 0.05277777777777778 0.32107843137254904
0 0.8576388888888888 0.5294117647058824 0.04583333333333333 0.14215686274509803
0 0.7194444444444444 0.5588235294117647 0.06944444444444445 0.19117647058823528
0 0.6631944444444444 0.05759803921568627 0.059722222222222225 0.11519607843137254
0 0.39444444444444443 0.5686274509803921 0.05 0.15196078431372548
0 0.2076388888888889 0.5772058823529411 0.07083333333333333 0.3112745098039216
0 0.9729166666666667 0.5821078431372549 0.05416666666666667 0.3112745098039216
0 0.7909722222222222 0.6237745098039216 0.04583333333333333 0.13480392156862744
0 0.6111111111111112 0.6323529411764706 0.04722222222222222 0.22549019607843138
0 0.9201388888888888 0.6531862745098039 0.0625 0.30637254901960786
0 0.4354166666666667 0.6911764705882353 0.04861111111111111 0.31862745098039214
0 0.09375 0.7058823529411765 0.0625 0.30392156862745096
0 0.70625 0.7107843137254902 0.05694444444444444 0.17647058823529413
0 0.5097222222222222 0.7120098039215687 0.06388888888888888 0.20833333333333334
0 0.1875 0.7291666666666666 0.06666666666666667 0.13970588235294118
0 0.3784722222222222 0.7426470588235294 0.0625 0.27941176470588236
0 0.3277777777777778 0.7757352941176471 0.05277777777777778 0.35049019607843135
0 0.875 0.7781862745098039 0.06944444444444445 0.375
0 0.8256944444444444 0.7953431372549019 0.05138888888888889 0.32107843137254904
0 0.6694444444444444 0.7990196078431373 0.06388888888888888 0.16666666666666666
0 0.2534722222222222 0.8088235294117647 0.0763888888888889 0.29901960784313725
0 0.5923611111111111 0.8272058823529411 0.05416666666666667 0.22303921568627452
0 0.8055555555555556 0.8272058823529411 0.044444444444444446 0.2426470588235294
0 0.8013888888888889 0.8296568627450981 0.041666666666666664 0.2867647058823529
0 0.7520833333333333 0.8455882352941176 0.05694444444444444 0.3088235294117647
0 0.14166666666666666 0.8700980392156863 0.05277777777777778 0.25980392156862747
0 0.19722222222222222 0.8897058823529411 0.04722222222222222 0.22058823529411764
0 0.6513888888888889 0.8995098039215687 0.07222222222222222 0.20098039215686275
0 0.075 0.9178921568627451 0.044444444444444446 0.1642156862745098
0 0.7090277777777778 0.9215686274509803 0.04027777777777778 0.1568627450980392
0 0.5034722222222222 0.9252450980392157 0.05138888888888889 0.14950980392156862
0 0.5486111111111112 0.9264705882352942 0.05555555555555555 0.14705882352941177
0 0.5090277777777777 0.09436274509803921 0.04583333333333333 0.18872549019607843
0 0.3659722222222222 0.9424019607843137 0.05694444444444444 0.11519607843137254
0 0.26875 0.9632352941176471 0.059722222222222225 0.07352941176470588
0 0.44375 0.11887254901960784 0.06805555555555555 0.23284313725490197
0 0.38263888888888886 0.14705882352941177 0.05694444444444444 0.10784313725490197
0 0.29930555555555555 0.15808823529411764 0.0763888888888889 0.20833333333333334
0 0.1361111111111111 0.17401960784313725 0.04722222222222222 0.1323529411764706
0 0.2388888888888889 0.19117647058823528 0.06111111111111111 0.2647058823529412
0 0.18263888888888888 0.20588235294117646 0.05138888888888889 0.2647058823529412
0 0.09722222222222222 0.21200980392156862 0.04722222222222222 0.15931372549019607
0 0.8152777777777778 0.22181372549019607 0.06388888888888888 0.09068627450980392
0 0.05625 0.22794117647058823 0.04027777777777778 0.22058823529411764