0 0.08333333333333333 0.2647058823529412 0.058333333333333334 0.23039215686274508
0 0.5784722222222223 0.3284313725490196 0.05416666666666667 0.27450980392156865
0 0.6520833333333333 0.4987745098039216 0.0625 0.32598039215686275
0 0.6090277777777777 0.5220588235294118 0.05694444444444444 0.3284313725490196
0 0.8548611111111111 0.6066176470588235 0.05138888888888889 0.1642156862745098
0 0.8159722222222222 0.6519607843137255 0.04583333333333333 0.19607843137254902
0 0.46111111111111114 0.7022058823529411 0.08611111111111111 0.32598039215686275
0 0.07291666666666667 0.07965686274509803 0.059722222222222225 0.15931372549019607
0 0.10486111111111111 0.8786764705882353 0.07361111111111111 0.23284313725490197
0 0.8416666666666667 0.8811274509803921 0.07777777777777778 0.23774509803921567
0 0.7854166666666667 0.8909313725490197 0.0625 0.2181372549019608
0 0.7402777777777778 0.9142156862745098 0.058333333333333334 0.1715686274509804
0 0.38125 0.9276960784313726 0.0875 0.13480392156862744
0 0.6875 0.9424019607843137 0.058333333333333334 0.11519607843137254
0 0.9034722222222222 0.11887254901960784 0.0763888888888889 0.23284313725490197
0 0.029166666666666667 0.15441176470588236 0.04722222222222222 0.3088235294117647
0 0.6784722222222223 0.1556372549019608 0.07361111111111111 0.30637254901960786
0 0.6347222222222222 0.16544117647058823 0.04722222222222222 0.23774509803921567
0 0.32708333333333334 0.16666666666666666 0.07361111111111111 0.2647058823529412
0 0.20208333333333334 0.1948529411764706 0.06527777777777778 0.30637254901960786
0 0.20555555555555555 0.19730392156862744 0.06666666666666667 0.2916666666666667
0 0.12569444444444444 0.21568627450980393 0.06805555555555555 0.27450980392156865