0 0.4736111111111111 0.32598039215686275 0.06944444444444445 0.23529411764705882
0 0.14791666666666667 0.33088235294117646 0.059722222222222225 0.2696078431372549
0 0.7083333333333334 0.375 0.058333333333333334 0.3382352941176471
0 0.6493055555555556 0.3872549019607843 0.05416666666666667 0.35294117647058826
0 0.5875 0.4387254901960784 0.058333333333333334 0.3333333333333333
0 0.8208333333333333 0.4424019607843137 0.058333333333333334 0.15441176470588236
0 0.059722222222222225 0.47549019607843135 0.06944444444444445 0.16666666666666666
0 0.9069444444444444 0.5453431372549019 0.06944444444444445 0.32598039215686275
0 0.46319444444444446 0.5490196078431373 0.08194444444444444 0.23039215686274508
0 0.3840277777777778 0.6115196078431373 0.08472222222222223 0.34068627450980393
0 0.06736111111111111 0.6740196078431373 0.059722222222222225 0.22058823529411764
0 0.8006944444444445 0.6801470588235294 0.0625 0.35049019607843135
0 0.7381944444444445 0.7034313725490197 0.0625 0.3137254901960784
0 0.12083333333333333 0.7291666666666666 0.06111111111111111 0.33578431372549017
0 0.5368055555555555 0.758578431372549 0.05416666666666667 0.2426470588235294
0 0.4722222222222222 0.8088235294117647 0.05277777777777778 0.3235294117647059
0 0.6333333333333333 0.8517156862745098 0.08333333333333333 0.2867647058823529
0 0.7506944444444444 0.08700980392156862 0.05138888888888889 0.14460784313725492
0 0.5645833333333333 0.9264705882352942 0.07083333333333333 0.13725490196078433
0 0.4076388888888889 0.9375 0.05138888888888889 0.10049019607843138
0 0.6090277777777777 0.11887254901960784 0.06805555555555555 0.23774509803921567
0 0.29444444444444445 0.1323529411764706 0.04722222222222222 0.2647058823529412
0 0.46805555555555556 0.1323529411764706 0.06388888888888888 0.14215686274509803
0 0.375 0.1556372549019608 0.058333333333333334 0.2867647058823529
0 0.5493055555555556 0.1556372549019608 0.04583333333333333 0.26715686274509803
0 0.7305555555555555 0.18627450980392157 0.03611111111111111 0.06862745098039216
0 0.33055555555555555 0.2267156862745098 0.058333333333333334 0.18872549019607843