0 0.3611111111111111 0.2512254901960784 0.07777777777777778 0.25245098039215685
0 0.7611111111111111 0.2647058823529412 0.075 0.35784313725490197
0 0.8208333333333333 0.2977941176470588 0.05555555555555555 0.2426470588235294
0 0.12013888888888889 0.30637254901960786 0.0625 0.3333333333333333
0 0.24166666666666667 0.31985294117647056 0.05555555555555555 0.3112745098039216
0 0.6381944444444444 0.3590686274509804 0.07083333333333333 0.17401960784313725
0 0.5791666666666667 0.41911764705882354 0.05 0.23039215686274508
0 0.7548611111111111 0.49387254901960786 0.06805555555555555 0.14950980392156862
0 0.8368055555555556 0.5122549019607843 0.05416666666666667 0.22058823529411764
0 0.26458333333333334 0.5134803921568627 0.07083333333333333 0.30637254901960786
0 0.1076388888888889 0.5392156862745098 0.059722222222222225 0.09803921568627451
0 0.6180555555555556 0.5661764705882353 0.041666666666666664 0.3137254901960784
0 0.6888888888888889 0.5772058823529411 0.041666666666666664 0.19852941176470587
0 0.5541666666666667 0.633578431372549 0.075 0.19362745098039216
0 0.35 0.6605392156862745 0.05555555555555555 0.25245098039215685
0 0.6215277777777778 0.06862745098039216 0.04861111111111111 0.11764705882352941
0 0.11388888888888889 0.7438725490196079 0.08055555555555556 0.34068627450980393
0 0.28680555555555554 0.8553921568627451 0.06527777777777778 0.2696078431372549
0 0.4284722222222222 0.8909313725490197 0.05416666666666667 0.17892156862745098
0 0.23402777777777778 0.8946078431372549 0.0875 0.20098039215686275
0 0.9006944444444445 0.8982843137254902 0.07361111111111111 0.18382352941176472
0 0.5847222222222223 0.9068627450980392 0.06111111111111111 0.1715686274509804
0 0.80625 0.9411764705882353 0.059722222222222225 0.10294117647058823
0 0.7034722222222223 0.9571078431372549 0.05416666666666667 0.07107843137254902
0 0.24305555555555555 0.11397058823529412 0.058333333333333334 0.09558823529411764
0 0.41388888888888886 0.17279411764705882 0.07222222222222222 0.34068627450980393
0 0.5958333333333333 0.1801470588235294 0.06666666666666667 0.2181372549019608