0 0.3347222222222222 0.2536764705882353 0.041666666666666664 0.15931372549019607
0 0.5666666666666667 0.26838235294117646 0.06944444444444445 0.19852941176470587
0 0.49375 0.2965686274509804 0.05416666666666667 0.19117647058823528
0 0.6736111111111112 0.35784313725490197 0.06111111111111111 0.28431372549019607
0 0.8173611111111111 0.36519607843137253 0.08194444444444444 0.14705882352941177
0 0.4041666666666667 0.0392156862745098 0.058333333333333334 0.0784313725490196
0 0.3388888888888889 0.39705882352941174 0.06666666666666667 0.17647058823529413
0 0.3840277777777778 0.39705882352941174 0.0375 0.17647058823529413
0 0.10069444444444445 0.42769607843137253 0.059722222222222225 0.1642156862745098
0 0.014583333333333334 0.4681372549019608 0.029166666666666667 0.31862745098039214
0 0.23541666666666666 0.4681372549019608 0.04861111111111111 0.1715686274509804
0 0.5763888888888888 0.4693627450980392 0.07222222222222222 0.27205882352941174
0 0.5736111111111111 0.4889705882352941 0.07222222222222222 0.2818627450980392
0 0.9819444444444444 0.508578431372549 0.03611111111111111 0.3161764705882353
0 0.17569444444444443 0.5416666666666666 0.0625 0.28921568627450983
0 0.4409722222222222 0.5600490196078431 0.04861111111111111 0.24754901960784315
0 0.48125 0.6053921568627451 0.05416666666666667 0.2107843137254902
0 0.9569444444444445 0.6286764705882353 0.05 0.32107843137254904
0 0.12152777777777778 0.633578431372549 0.07083333333333333 0.30637254901960786
0 0.9222222222222223 0.6421568627450981 0.058333333333333334 0.29901960784313725
0 0.6833333333333333 0.6433823529411765 0.05 0.3799019607843137
0 0.2388888888888889 0.6691176470588235 0.06666666666666667 0.2647058823529412
0 0.5909722222222222 0.07107843137254902 0.06805555555555555 0.1323529411764706
0 0.3548611111111111 0.7267156862745098 0.04861111111111111 0.33088235294117646
0 0.3090277777777778 0.7365196078431373 0.0625 0.34558823529411764
0 0.8034722222222223 0.7487745098039216 0.06805555555555555 0.36519607843137253
0 0.7215277777777778 0.7671568627450981 0.07916666666666666 0.3480392156862745
0 0.4284722222222222 0.7855392156862745 0.05416666666666667 0.14460784313725492
0 0.5159722222222223 0.8468137254901961 0.07083333333333333 0.2867647058823529
0 0.2222222222222222 0.8700980392156863 0.06388888888888888 0.25
0 0.12708333333333333 0.8737745098039216 0.06805555555555555 0.2034313725490196
0 0.9034722222222222 0.875 0.0763888888888889 0.25
0 0.9048611111111111 0.875 0.06805555555555555 0.23039215686274508
0 0.17847222222222223 0.8860294117647058 0.05138888888888889 0.22794117647058823
0 0.6736111111111112 0.09068627450980392 0.06666666666666667 0.17647058823529413
0 0.4340277777777778 0.9203431372549019 0.07083333333333333 0.14950980392156862
0 0.8555555555555555 0.9485294117647058 0.07222222222222222 0.10294117647058823
0 0.13194444444444445 0.10294117647058823 0.04722222222222222 0.20588235294117646
0 0.3923611111111111 0.11764705882352941 0.05694444444444444 0.09313725490196079
0 0.9104166666666667 0.125 0.059722222222222225 0.24019607843137256
0 0.36041666666666666 0.12990196078431374 0.043055555555555555 0.09803921568627451
0 0.5180555555555556 0.12990196078431374 0.06388888888888888 0.19117647058823528
0 0.07916666666666666 0.13725490196078433 0.04722222222222222 0.2696078431372549
0 0.3013888888888889 0.1568627450980392 0.06666666666666667 0.16666666666666666
0 0.8076388888888889 0.16911764705882354 0.04861111111111111 0.27941176470588236
0 0.04513888888888889 0.17892156862745098 0.04861111111111111 0.29901960784313725
0 0.20972222222222223 0.1875 0.06111111111111111 0.16911764705882354
0 0.15833333333333333 0.19117647058823528 0.05277777777777778 0.16176470588235295
0 0.6208333333333333 0.23161764705882354 0.06388888888888888 0.20833333333333334
0 0.3923611111111111 0.23284313725490197 0.04583333333333333 0.18137254901960784