0 0.7563636363636363 0.5573770491803278 0.11636363636363636 0.25136612021857924
0 0.19272727272727272 0.6229508196721312 0.10909090909090909 0.40437158469945356
0 0.6145454545454545 0.6502732240437158 0.09454545454545454 0.4371584699453552
0 0.4509090909090909 0.2923497267759563 0.07272727272727272 0.16939890710382513
0 0.37272727272727274 0.3251366120218579 0.08363636363636363 0.18032786885245902
0 0.2963636363636364 0.3633879781420765 0.08363636363636363 0.1912568306010929
0 0.62 0.3797814207650273 0.07636363636363637 0.14754098360655737
0 0.12 0.4180327868852459 0.08727272727272728 0.1912568306010929
0 0.5581818181818182 0.4371584699453552 0.07636363636363637 0.19672131147540983
0 0.9218181818181819 0.4644808743169399 0.08363636363636363 0.22950819672131148
0 0.850909090909091 0.48360655737704916 0.08 0.20218579234972678
0 0.4818181818181818 0.48633879781420764 0.09818181818181818 0.2185792349726776