0 0.482375 0.25876851851851856 0.019619791666666667 0.060138888888888895
0 0.15598958333333332 0.31574074074074077 0.03802083333333333 0.19814814814814816
0 0.1765625 0.31712962962962965 0.03854166666666667 0.18981481481481483
0 0.40182291666666664 0.33287037037037037 0.058854166666666666 0.262037037037037
0 0.5604166666666667 0.29953703703703705 0.027083333333333334 0.1787037037037037
0 0.1171875 0.3212962962962963 0.029166666666666667 0.17592592592592593
0 0.49279687499999997 0.3196759259259259 0.02675 0.13903703703703704
0 0.5122760416666667 0.2687685185185185 0.015697916666666666 0.04031481481481482
0 0.5236145833333333 0.3005555555555556 0.015119791666666667 0.15971296296296297
0 0.294078125 0.3077870370370371 0.02645833333333333 0.07287962962962963
0 0.23370833333333335 0.2759166666666667 0.017848958333333335 0.04138888888888889