0 0.49166666666666664 0.25 0.05 0.25980392156862747
0 0.4423611111111111 0.2708333333333333 0.043055555555555555 0.2181372549019608
0 0.825 0.27818627450980393 0.05555555555555555 0.2916666666666667
0 0.40694444444444444 0.2977941176470588 0.058333333333333334 0.25245098039215685
0 0.12361111111111112 0.3112745098039216 0.06111111111111111 0.12745098039215685
0 0.014583333333333334 0.3161764705882353 0.029166666666666667 0.19607843137254902
0 0.24513888888888888 0.33088235294117646 0.059722222222222225 0.1323529411764706
0 0.07291666666666667 0.33578431372549017 0.04027777777777778 0.14215686274509803
0 0.7159722222222222 0.35661764705882354 0.04027777777777778 0.15441176470588236
0 0.33819444444444446 0.36519607843137253 0.059722222222222225 0.1568627450980392
0 0.7708333333333334 0.36764705882352944 0.058333333333333334 0.2647058823529412
0 0.5770833333333333 0.4007352941176471 0.06527777777777778 0.14950980392156862
0 0.4722222222222222 0.4252450980392157 0.05 0.13970588235294118
0 0.7027777777777777 0.4411764705882353 0.044444444444444446 0.1323529411764706
0 0.7534722222222222 0.4411764705882353 0.043055555555555555 0.1568627450980392
0 0.22430555555555556 0.5049019607843137 0.0763888888888889 0.19117647058823528
0 0.6354166666666666 0.5159313725490197 0.05416666666666667 0.20833333333333334
0 0.5756944444444444 0.5428921568627451 0.07083333333333333 0.18382352941176472
0 0.32083333333333336 0.056372549019607844 0.05555555555555555 0.11274509803921569
0 0.7715277777777778 0.5845588235294118 0.029166666666666667 0.12990196078431374
0 0.3625 0.5870098039215687 0.05555555555555555 0.2916666666666667
0 0.7451388888888889 0.5919117647058824 0.029166666666666667 0.125
0 0.7020833333333333 0.6041666666666666 0.059722222222222225 0.1642156862745098
0 0.08125 0.6053921568627451 0.07916666666666666 0.35294117647058826
0 0.29791666666666666 0.6066176470588235 0.059722222222222225 0.27205882352941174
0 0.5555555555555556 0.6176470588235294 0.07222222222222222 0.2107843137254902
0 0.4236111111111111 0.6225490196078431 0.06944444444444445 0.30392156862745096
0 0.2111111111111111 0.6703431372549019 0.05277777777777778 0.2181372549019608
0 0.1597222222222222 0.6850490196078431 0.08333333333333333 0.32107843137254904
0 0.8041666666666667 0.7218137254901961 0.05 0.21323529411764705
0 0.6222222222222222 0.7573529411764706 0.07222222222222222 0.19607843137254902
0 0.34305555555555556 0.8002450980392157 0.075 0.2426470588235294
0 0.31319444444444444 0.8272058823529411 0.0625 0.0857843137254902
0 0.46111111111111114 0.8443627450980392 0.07777777777777778 0.22794117647058823
0 0.9326388888888889 0.8529411764705882 0.059722222222222225 0.29411764705882354
0 0.46944444444444444 0.0857843137254902 0.044444444444444446 0.14215686274509803
0 0.5201388888888889 0.8713235294117647 0.04861111111111111 0.17401960784313725
0 0.8506944444444444 0.8737745098039216 0.0625 0.25245098039215685
0 0.3909722222222222 0.875 0.05138888888888889 0.20098039215686275
0 0.5951388888888889 0.8799019607843137 0.06805555555555555 0.23529411764705882
0 0.7784722222222222 0.8860294117647058 0.06805555555555555 0.22794117647058823
0 0.2520833333333333 0.8909313725490197 0.07083333333333333 0.18872549019607843
0 0.73125 0.9093137254901961 0.04583333333333333 0.18137254901960784
0 0.9006944444444445 0.9093137254901961 0.04861111111111111 0.18137254901960784
0 0.30972222222222223 0.9227941176470589 0.05 0.15441176470588236
0 0.10625 0.9276960784313726 0.04583333333333333 0.14460784313725492
0 0.5520833333333334 0.9313725490196079 0.04861111111111111 0.11764705882352941
0 0.42083333333333334 0.9362745098039216 0.05277777777777778 0.12745098039215685
0 0.6861111111111111 0.9436274509803921 0.058333333333333334 0.11274509803921569
0 0.18541666666666667 0.09681372549019608 0.04027777777777778 0.07598039215686274
0 0.33541666666666664 0.9705882352941176 0.05138888888888889 0.058823529411764705
0 0.36041666666666666 0.09926470588235294 0.043055555555555555 0.12990196078431374
0 0.8819444444444444 0.1017156862745098 0.06666666666666667 0.2034313725490196
0 0.43819444444444444 0.1053921568627451 0.04861111111111111 0.1323529411764706
0 0.7333333333333333 0.12990196078431374 0.06666666666666667 0.2549019607843137
0 0.13819444444444445 0.13725490196078433 0.034722222222222224 0.10784313725490197
0 0.6597222222222222 0.13848039215686275 0.04722222222222222 0.2426470588235294
0 0.55625 0.15318627450980393 0.0625 0.23284313725490197
0 0.04791666666666667 0.1568627450980392 0.043055555555555555 0.12254901960784313
0 0.6048611111111111 0.16666666666666666 0.05416666666666667 0.2647058823529412
0 0.7805555555555556 0.2107843137254902 0.044444444444444446 0.14705882352941177
0 0.2534722222222222 0.22303921568627452 0.04027777777777778 0.07352941176470588