0 0.03888888888888889 0.028186274509803922 0.07777777777777778 0.056372549019607844
0 0.15902777777777777 0.38357843137254904 0.07916666666666666 0.3553921568627451
0 0.5340277777777778 0.4644607843137255 0.05416666666666667 0.13480392156862744
0 0.4673611111111111 0.05024509803921569 0.0375 0.09558823529411764
0 0.5006944444444444 0.49142156862745096 0.04583333333333333 0.16911764705882354
0 0.43194444444444446 0.5759803921568627 0.06666666666666667 0.3284313725490196
0 0.38680555555555557 0.6666666666666666 0.09583333333333334 0.37254901960784315
0 0.8694444444444445 0.6985294117647058 0.06388888888888888 0.29411764705882354
0 0.8194444444444444 0.7120098039215687 0.05277777777777778 0.34558823529411764
0 0.6847222222222222 0.7156862745098039 0.05277777777777778 0.3431372549019608
0 0.7215277777777778 0.7193627450980392 0.04027777777777778 0.33088235294117646
0 0.4888888888888889 0.7401960784313726 0.06666666666666667 0.3431372549019608
0 0.30069444444444443 0.8308823529411765 0.08194444444444444 0.3137254901960784
0 0.9805555555555555 0.8443627450980392 0.03888888888888889 0.3112745098039216
0 0.9111111111111111 0.8529411764705882 0.08611111111111111 0.27941176470588236
0 0.09166666666666666 0.8737745098039216 0.07222222222222222 0.23774509803921567
0 0.1673611111111111 0.11151960784313726 0.0625 0.22303921568627452
0 0.2763888888888889 0.11151960784313726 0.06388888888888888 0.21323529411764705
0 0.90625 0.11519607843137254 0.043055555555555555 0.23039215686274508
0 0.6069444444444444 0.125 0.05555555555555555 0.25
0 0.6493055555555556 0.125 0.05694444444444444 0.25
0 0.7263888888888889 0.13480392156862744 0.06666666666666667 0.25980392156862747
0 0.4270833333333333 0.13602941176470587 0.0375 0.26715686274509803
0 0.3861111111111111 0.14460784313725492 0.058333333333333334 0.28431372549019607
0 0.022916666666666665 0.20098039215686275 0.04583333333333333 0.28431372549019607
0 0.4666666666666667 0.24142156862745098 0.08055555555555556 0.3112745098039216