0 0.46805555555555556 0.30392156862745096 0.06388888888888888 0.31862745098039214
0 0.5826388888888889 0.34068627450980393 0.07361111111111111 0.2549019607843137
0 0.6965277777777777 0.34191176470588236 0.06527777777777778 0.25735294117647056
0 0.7743055555555556 0.44362745098039214 0.0375 0.24509803921568626
0 0.8395833333333333 0.44362745098039214 0.0625 0.15196078431372548
0 0.7430555555555556 0.4791666666666667 0.04722222222222222 0.27205882352941174
0 0.11736111111111111 0.48161764705882354 0.08472222222222223 0.3014705882352941
0 0.35833333333333334 0.5061274509803921 0.044444444444444446 0.10049019607843138
0 0.20277777777777778 0.5196078431372549 0.06111111111111111 0.3431372549019608
0 0.0625 0.5330882352941176 0.044444444444444446 0.34558823529411764
0 0.03194444444444444 0.5465686274509803 0.058333333333333334 0.35784313725490197
0 0.5034722222222222 0.5625 0.07361111111111111 0.2622549019607843
0 0.7097222222222223 0.5821078431372549 0.06388888888888888 0.21323529411764705
0 0.6729166666666667 0.5857843137254902 0.0625 0.1568627450980392
0 0.8868055555555555 0.5980392156862745 0.07361111111111111 0.16176470588235295
0 0.34097222222222223 0.6017156862745098 0.05138888888888889 0.13970588235294118
0 0.5638888888888889 0.616421568627451 0.075 0.3112745098039216
0 0.9784722222222222 0.6188725490196079 0.043055555555555555 0.26715686274509803
0 0.28194444444444444 0.6348039215686274 0.06111111111111111 0.16176470588235295
0 0.39791666666666664 0.6801470588235294 0.04861111111111111 0.36519607843137253
0 0.7520833333333333 0.6924019607843137 0.04861111111111111 0.11029411764705882
0 0.6881944444444444 0.7169117647058824 0.05694444444444444 0.14950980392156862
0 0.8368055555555556 0.8345588235294118 0.0763888888888889 0.3112745098039216
0 0.8916666666666667 0.8370098039215687 0.06944444444444445 0.3161764705882353
0 0.7340277777777777 0.8627450980392157 0.07916666666666666 0.2647058823529412
0 0.5513888888888889 0.8909313725490197 0.05 0.2034313725490196
0 0.4840277777777778 0.9142156862745098 0.06805555555555555 0.16176470588235295
0 0.03680555555555556 0.15808823529411764 0.0625 0.2916666666666667
0 0.7784722222222222 0.19362745098039216 0.08472222222222223 0.24019607843137256