0 0.5375 0.25980392156862747 0.058333333333333334 0.2696078431372549
0 0.9027777777777778 0.2806372549019608 0.06666666666666667 0.18872549019607843
0 0.4548611111111111 0.31004901960784315 0.05416666666666667 0.33088235294117646
0 0.04791666666666667 0.37745098039215685 0.0763888888888889 0.3088235294117647
0 0.10972222222222222 0.3799019607843137 0.06666666666666667 0.3137254901960784
0 0.7472222222222222 0.40318627450980393 0.075 0.2916666666666667
0 0.9604166666666667 0.4424019607843137 0.05694444444444444 0.3112745098039216
0 0.5340277777777778 0.5661764705882353 0.0875 0.3382352941176471
0 0.9388888888888889 0.6311274509803921 0.05277777777777778 0.32107843137254904
0 0.43333333333333335 0.6470588235294118 0.07777777777777778 0.3382352941176471
0 0.8944444444444445 0.6495098039215687 0.058333333333333334 0.3627450980392157
0 0.6361111111111111 0.7058823529411765 0.075 0.2647058823529412
0 0.8451388888888889 0.7169117647058824 0.0763888888888889 0.3553921568627451
0 0.24305555555555555 0.8345588235294118 0.08888888888888889 0.32107843137254904
0 0.3736111111111111 0.8529411764705882 0.075 0.29411764705882354
0 0.7840277777777778 0.8615196078431373 0.0763888888888889 0.2769607843137255
0 0.6798611111111111 0.866421568627451 0.09027777777777778 0.25735294117647056
0 0.30486111111111114 0.8958333333333334 0.059722222222222225 0.2034313725490196
0 0.07916666666666666 0.928921568627451 0.06388888888888888 0.14215686274509803
0 0.23958333333333334 0.11642156862745098 0.06527777777777778 0.23284313725490197
0 0.9166666666666666 0.11887254901960784 0.075 0.23774509803921567
0 0.05763888888888889 0.12745098039215685 0.07083333333333333 0.21568627450980393
0 0.1638888888888889 0.13480392156862744 0.07222222222222222 0.2647058823529412
0 0.5944444444444444 0.15073529411764705 0.06944444444444445 0.2867647058823529
0 0.6590277777777778 0.1642156862745098 0.059722222222222225 0.30392156862745096
0 0.58125 0.24142156862745098 0.0763888888888889 0.3112745098039216