0 0.7881944444444444 0.25612745098039214 0.05694444444444444 0.13480392156862744
0 0.6256944444444444 0.2708333333333333 0.043055555555555555 0.19852941176470587
0 0.7222222222222222 0.27941176470588236 0.044444444444444446 0.1715686274509804
0 0.6652777777777777 0.30392156862745096 0.03888888888888889 0.2696078431372549
0 0.7138888888888889 0.30392156862745096 0.075 0.24019607843137256
0 0.11666666666666667 0.3088235294117647 0.075 0.1568627450980392
0 0.5493055555555556 0.3492647058823529 0.04861111111111111 0.25245098039215685
0 0.5069444444444444 0.3553921568627451 0.04722222222222222 0.21568627450980393
0 0.030555555555555555 0.3627450980392157 0.058333333333333334 0.23039215686274508
0 0.3055555555555556 0.38480392156862747 0.05277777777777778 0.14215686274509803
0 0.8576388888888888 0.42892156862745096 0.06527777777777778 0.31862745098039214
0 0.2423611111111111 0.44607843137254904 0.0625 0.20098039215686275
0 0.9201388888888888 0.46078431372549017 0.059722222222222225 0.19117647058823528
0 0.19166666666666668 0.46200980392156865 0.06111111111111111 0.23284313725490197
0 0.42916666666666664 0.04656862745098039 0.06388888888888888 0.09313725490196079
0 0.08819444444444445 0.4681372549019608 0.0625 0.18627450980392157
0 0.4638888888888889 0.4840686274509804 0.06666666666666667 0.32107843137254904
0 0.7479166666666667 0.5 0.08194444444444444 0.21568627450980393
0 0.37569444444444444 0.5551470588235294 0.034722222222222224 0.24754901960784315
0 0.31527777777777777 0.5845588235294118 0.06666666666666667 0.33088235294117646
0 0.1625 0.6237745098039216 0.075 0.32107843137254904
0 0.9256944444444445 0.6384803921568627 0.05138888888888889 0.16911764705882354
0 0.49583333333333335 0.6544117647058824 0.04722222222222222 0.2549019607843137
0 0.5409722222222222 0.06740196078431372 0.07083333333333333 0.13480392156862744
0 0.83125 0.6973039215686274 0.05138888888888889 0.15931372549019607
0 0.8701388888888889 0.7046568627450981 0.05138888888888889 0.22794117647058823
0 0.1326388888888889 0.7046568627450981 0.08194444444444444 0.2769607843137255
0 0.36319444444444443 0.7549019607843137 0.05694444444444444 0.24509803921568626
0 0.9729166666666667 0.7598039215686274 0.04027777777777778 0.20588235294117646
0 0.4125 0.7745098039215687 0.06666666666666667 0.2647058823529412
0 0.6402777777777777 0.7843137254901961 0.07222222222222222 0.37745098039215685
0 0.08472222222222223 0.7990196078431373 0.07777777777777778 0.22058823529411764
0 0.28194444444444444 0.8186274509803921 0.058333333333333334 0.19117647058823528
0 0.2423611111111111 0.8333333333333334 0.05138888888888889 0.23529411764705882
0 0.7861111111111111 0.8529411764705882 0.05 0.10784313725490197
0 0.8333333333333334 0.875 0.05277777777777778 0.17647058823529413
0 0.5944444444444444 0.8860294117647058 0.05277777777777778 0.18872549019607843
0 0.30833333333333335 0.8897058823529411 0.06944444444444445 0.22058823529411764
0 0.6909722222222222 0.8995098039215687 0.06527777777777778 0.19607843137254902
0 0.20416666666666666 0.9142156862745098 0.05277777777777778 0.16666666666666666
0 0.1736111111111111 0.9191176470588235 0.058333333333333334 0.16176470588235295
0 0.8833333333333333 0.09313725490196079 0.06666666666666667 0.18627450980392157
0 0.3506944444444444 0.9313725490196079 0.05416666666666667 0.13725490196078433
0 0.9041666666666667 0.9313725490196079 0.05277777777777778 0.12254901960784313
0 0.4131944444444444 0.9411764705882353 0.05416666666666667 0.10784313725490197
0 0.7923611111111111 0.9497549019607843 0.05694444444444444 0.09068627450980392
0 0.8506944444444444 0.9522058823529411 0.04583333333333333 0.09558823529411764
0 0.04375 0.09558823529411764 0.06805555555555555 0.19117647058823528
0 0.7090277777777778 0.10416666666666667 0.0625 0.15441176470588236
0 0.5993055555555555 0.1053921568627451 0.05694444444444444 0.2107843137254902
0 0.33819444444444446 0.14338235294117646 0.05416666666666667 0.10049019607843138
0 0.12291666666666666 0.16299019607843138 0.059722222222222225 0.14950980392156862
0 0.1798611111111111 0.17279411764705882 0.043055555555555555 0.2916666666666667
0 0.24305555555555555 0.19362745098039216 0.058333333333333334 0.10784313725490197
0 0.3875 0.20098039215686275 0.07222222222222222 0.3137254901960784
0 0.30694444444444446 0.2267156862745098 0.06388888888888888 0.125