0 0.8173611111111111 0.4056372549019608 0.06805555555555555 0.34558823529411764
0 0.9708333333333333 0.5784313725490197 0.058333333333333334 0.35294117647058826
0 0.4986111111111111 0.6053921568627451 0.06944444444444445 0.3382352941176471
0 0.44027777777777777 0.6299019607843137 0.05277777777777778 0.3382352941176471
0 0.3909722222222222 0.6519607843137255 0.05416666666666667 0.3431372549019608
0 0.5875 0.6764705882352942 0.07222222222222222 0.35294117647058826
0 0.7361111111111112 0.6973039215686274 0.06944444444444445 0.34068627450980393
0 0.6694444444444444 0.7316176470588235 0.075 0.3700980392156863
0 0.06111111111111111 0.9203431372549019 0.06111111111111111 0.14460784313725492
0 0.22916666666666666 0.11642156862745098 0.06111111111111111 0.23284313725490197
0 0.5527777777777778 0.12009803921568628 0.044444444444444446 0.24019607843137256
0 0.5041666666666667 0.12254901960784313 0.04722222222222222 0.24509803921568626
0 0.06597222222222222 0.19607843137254902 0.0625 0.3431372549019608