0 0.21597222222222223 0.24754901960784315 0.04583333333333333 0.2647058823529412
0 0.3784722222222222 0.25980392156862747 0.059722222222222225 0.27450980392156865
0 0.6013888888888889 0.29534313725490197 0.06666666666666667 0.3112745098039216
0 0.65625 0.2965686274509804 0.05416666666666667 0.3137254901960784
0 0.7611111111111111 0.3125 0.06388888888888888 0.25245098039215685
0 0.07083333333333333 0.40808823529411764 0.06111111111111111 0.21323529411764705
0 0.5430555555555555 0.43137254901960786 0.05555555555555555 0.30392156862745096
0 0.24791666666666667 0.49264705882352944 0.07361111111111111 0.3480392156862745
0 0.33611111111111114 0.49387254901960786 0.06944444444444445 0.32107843137254904
0 0.14444444444444443 0.5049019607843137 0.05555555555555555 0.20588235294117646
0 0.9631944444444445 0.5514705882352942 0.07361111111111111 0.3382352941176471
0 0.8756944444444444 0.5796568627450981 0.07916666666666666 0.32107843137254904
0 0.7847222222222222 0.5906862745098039 0.06944444444444445 0.31862745098039214
0 0.7305555555555555 0.616421568627451 0.044444444444444446 0.32598039215686275
0 0.08958333333333333 0.6360294117647058 0.09027777777777778 0.3161764705882353
0 0.6881944444444444 0.6384803921568627 0.059722222222222225 0.3014705882352941
0 0.19305555555555556 0.7598039215686274 0.041666666666666664 0.1568627450980392
0 0.6527777777777778 0.07965686274509803 0.06388888888888888 0.14460784313725492
0 0.23402777777777778 0.8223039215686274 0.043055555555555555 0.18872549019607843
0 0.9472222222222222 0.8725490196078431 0.05 0.24019607843137256
0 0.8986111111111111 0.883578431372549 0.06388888888888888 0.2181372549019608
0 0.5430555555555555 0.8958333333333334 0.06666666666666667 0.19852941176470587
0 0.5965277777777778 0.9424019607843137 0.0625 0.10049019607843138
0 0.5423611111111111 0.14215686274509803 0.059722222222222225 0.28431372549019607
0 0.46805555555555556 0.24142156862745098 0.05277777777777778 0.27205882352941174
0 0.17291666666666666 0.2426470588235294 0.05416666666666667 0.31862745098039214