0 0.08472222222222223 0.27818627450980393 0.06111111111111111 0.3112745098039216
0 0.1527777777777778 0.2867647058823529 0.06111111111111111 0.3431372549019608
0 0.1951388888888889 0.28921568627450983 0.05416666666666667 0.3088235294117647
0 0.29097222222222224 0.29411764705882354 0.08472222222222223 0.29411764705882354
0 0.4736111111111111 0.29411764705882354 0.06111111111111111 0.21568627450980393
0 0.5222222222222223 0.3946078431372549 0.058333333333333334 0.24509803921568626
0 0.9590277777777778 0.4227941176470588 0.08194444444444444 0.22303921568627452
0 0.8298611111111112 0.4375 0.05416666666666667 0.32598039215686275
0 0.7875 0.45465686274509803 0.06944444444444445 0.3602941176470588
0 0.89375 0.46200980392156865 0.059722222222222225 0.32598039215686275
0 0.6194444444444445 0.4644607843137255 0.058333333333333334 0.2965686274509804
0 0.7173611111111111 0.4791666666666667 0.05694444444444444 0.33578431372549017
0 0.6631944444444444 0.5061274509803921 0.06805555555555555 0.32598039215686275
0 0.4708333333333333 0.5171568627450981 0.044444444444444446 0.25
0 0.4284722222222222 0.5245098039215687 0.07361111111111111 0.27941176470588236
0 0.5479166666666667 0.6446078431372549 0.06805555555555555 0.2107843137254902
0 0.7166666666666667 0.6887254901960784 0.058333333333333334 0.08823529411764706
0 0.4986111111111111 0.7316176470588235 0.044444444444444446 0.33088235294117646
0 0.1763888888888889 0.7450980392156863 0.09166666666666666 0.30392156862745096
0 0.2833333333333333 0.7818627450980392 0.08333333333333333 0.35294117647058826
0 0.6430555555555556 0.7904411764705882 0.06666666666666667 0.30637254901960786
0 0.3423611111111111 0.7965686274509803 0.0625 0.31862745098039214
0 0.42430555555555555 0.8235294117647058 0.06527777777777778 0.3382352941176471
0 0.8409722222222222 0.8455882352941176 0.05694444444444444 0.2647058823529412
0 0.5868055555555556 0.8590686274509803 0.06527777777777778 0.26715686274509803
0 0.7354166666666667 0.8602941176470589 0.08194444444444444 0.2647058823529412
0 0.5319444444444444 0.8713235294117647 0.06666666666666667 0.24754901960784315
0 0.3888888888888889 0.9105392156862745 0.04722222222222222 0.17401960784313725
0 0.88125 0.9522058823529411 0.07083333333333333 0.07598039215686274
0 0.6180555555555556 0.9595588235294118 0.06388888888888888 0.07598039215686274
0 0.5368055555555555 0.17769607843137256 0.07361111111111111 0.20833333333333334
0 0.37222222222222223 0.18872549019607843 0.05277777777777778 0.3088235294117647
0 0.58125 0.19852941176470587 0.0625 0.3333333333333333