0 0.1736111111111111 0.24509803921568626 0.06944444444444445 0.30392156862745096
0 0.2652777777777778 0.2647058823529412 0.05555555555555555 0.31862745098039214
0 0.12986111111111112 0.30637254901960786 0.07916666666666666 0.3284313725490196
0 0.7569444444444444 0.47671568627450983 0.075 0.34068627450980393
0 0.8388888888888889 0.49019607843137253 0.07777777777777778 0.29901960784313725
0 0.6444444444444445 0.5208333333333334 0.07222222222222222 0.34558823529411764
0 0.6444444444444445 0.5208333333333334 0.08055555555555556 0.32598039215686275
0 0.9555555555555556 0.6348039215686274 0.08888888888888889 0.3431372549019608
0 0.5722222222222222 0.8357843137254902 0.07222222222222222 0.3284313725490196
0 0.6451388888888889 0.8357843137254902 0.0625 0.3137254901960784
0 0.8048611111111111 0.8419117647058824 0.07083333333333333 0.3161764705882353
0 0.2847222222222222 0.875 0.075 0.25
0 0.42569444444444443 0.8774509803921569 0.043055555555555555 0.24509803921568626
0 0.4791666666666667 0.08823529411764706 0.06388888888888888 0.17647058823529413
0 0.10694444444444444 0.9007352941176471 0.08055555555555556 0.18382352941176472
0 0.4736111111111111 0.9031862745098039 0.05555555555555555 0.19362745098039216
0 0.22291666666666668 0.9056372549019608 0.07083333333333333 0.16911764705882354
0 0.8597222222222223 0.9227941176470589 0.06666666666666667 0.13970588235294118
0 0.34097222222222223 0.9301470588235294 0.059722222222222225 0.13970588235294118
0 0.42986111111111114 0.11274509803921569 0.0625 0.22549019607843138
0 0.9104166666666667 0.1213235294117647 0.04861111111111111 0.2426470588235294
0 0.6013888888888889 0.18382352941176472 0.04722222222222222 0.31862745098039214
0 0.5604166666666667 0.18872549019607843 0.05694444444444444 0.3382352941176471
0 0.32083333333333336 0.19240196078431374 0.05 0.30637254901960786
0 0.29444444444444445 0.2181372549019608 0.044444444444444446 0.3088235294117647