0 0.38958333333333334 0.26348039215686275 0.06805555555555555 0.3112745098039216
0 0.24027777777777778 0.28431372549019607 0.075 0.29901960784313725
0 0.32708333333333334 0.2916666666666667 0.0763888888888889 0.3137254901960784
0 0.3263888888888889 0.29411764705882354 0.06666666666666667 0.30392156862745096
0 0.07013888888888889 0.32598039215686275 0.06805555555555555 0.22549019607843138
0 0.175 0.33700980392156865 0.07777777777777778 0.3112745098039216
0 0.4423611111111111 0.4166666666666667 0.07083333333333333 0.3137254901960784
0 0.5340277777777778 0.48284313725490197 0.0625 0.3088235294117647
0 0.6465277777777778 0.6262254901960784 0.0763888888888889 0.3161764705882353
0 0.58125 0.6311274509803921 0.07083333333333333 0.3553921568627451
0 0.17847222222222223 0.6470588235294118 0.10416666666666667 0.3333333333333333
0 0.7465277777777778 0.6924019607843137 0.09305555555555556 0.34558823529411764
0 0.07013888888888889 0.696078431372549 0.06805555555555555 0.30392156862745096
0 0.14097222222222222 0.7095588235294118 0.08472222222222223 0.2867647058823529
0 0.3416666666666667 0.7095588235294118 0.07777777777777778 0.3014705882352941
0 0.28541666666666665 0.7610294117647058 0.06805555555555555 0.33578431372549017
0 0.12638888888888888 0.08333333333333333 0.075 0.16176470588235295
0 0.09375 0.9019607843137255 0.06805555555555555 0.19607843137254902
0 0.4513888888888889 0.09558823529411764 0.06111111111111111 0.19117647058823528
0 0.5840277777777778 0.9644607843137255 0.0763888888888889 0.07107843137254902
0 0.034722222222222224 0.11029411764705882 0.06944444444444445 0.21568627450980393
0 0.6020833333333333 0.21691176470588236 0.0763888888888889 0.3112745098039216
0 0.5027777777777778 0.22549019607843138 0.05 0.27941176470588236