0 0.24513888888888888 0.2757352941176471 0.0625 0.18872549019607843
0 0.5590277777777778 0.2855392156862745 0.05416666666666667 0.2867647058823529
0 0.63125 0.29411764705882354 0.04861111111111111 0.2647058823529412
0 0.18819444444444444 0.30392156862745096 0.04861111111111111 0.27450980392156865
0 0.14444444444444443 0.32230392156862747 0.06666666666666667 0.3112745098039216
0 0.825 0.34191176470588236 0.06944444444444445 0.2622549019607843
0 0.08958333333333333 0.40441176470588236 0.0763888888888889 0.29901960784313725
0 0.36180555555555555 0.49019607843137253 0.07083333333333333 0.29901960784313725
0 0.05 0.5036764705882353 0.08333333333333333 0.33088235294117646
0 0.6493055555555556 0.5183823529411765 0.05694444444444444 0.25735294117647056
0 0.9027777777777778 0.5232843137254902 0.03888888888888889 0.24754901960784315
0 0.8645833333333334 0.5294117647058824 0.043055555555555555 0.14705882352941177
0 0.24166666666666667 0.5416666666666666 0.058333333333333334 0.31862745098039214
0 0.2986111111111111 0.5416666666666666 0.07777777777777778 0.2549019607843137
0 0.7340277777777777 0.5416666666666666 0.04861111111111111 0.18627450980392157
0 0.5340277777777778 0.5551470588235294 0.06805555555555555 0.22303921568627452
0 0.47847222222222224 0.5772058823529411 0.06805555555555555 0.23774509803921567
0 0.6048611111111111 0.5845588235294118 0.05694444444444444 0.27205882352941174
0 0.8145833333333333 0.6004901960784313 0.05416666666666667 0.16666666666666666
0 0.18958333333333333 0.6066176470588235 0.0625 0.2965686274509804
0 0.17569444444444443 0.06372549019607843 0.043055555555555555 0.10294117647058823
0 0.6444444444444445 0.7132352941176471 0.044444444444444446 0.12745098039215685
0 0.8722222222222222 0.7438725490196079 0.058333333333333334 0.18382352941176472
0 0.28541666666666665 0.7487745098039216 0.07083333333333333 0.2181372549019608
0 0.5548611111111111 0.7757352941176471 0.06527777777777778 0.30637254901960786
0 0.8291666666666667 0.7769607843137255 0.04722222222222222 0.24019607843137256
0 0.4597222222222222 0.7855392156862745 0.058333333333333334 0.15441176470588236
0 0.5118055555555555 0.7990196078431373 0.05694444444444444 0.24019607843137256
0 0.35694444444444445 0.803921568627451 0.05 0.16176470588235295
0 0.7076388888888889 0.8382352941176471 0.0625 0.30392156862745096
0 0.23541666666666666 0.8492647058823529 0.0625 0.2867647058823529
0 0.9270833333333334 0.8541666666666666 0.043055555555555555 0.2622549019607843
0 0.3729166666666667 0.08700980392156862 0.0625 0.17401960784313725
0 0.9770833333333333 0.8615196078431373 0.04583333333333333 0.2769607843137255
0 0.6361111111111111 0.8676470588235294 0.05555555555555555 0.24509803921568626
0 0.18472222222222223 0.883578431372549 0.058333333333333334 0.22794117647058823
0 0.30833333333333335 0.9056372549019608 0.06666666666666667 0.18872549019607843
0 0.3854166666666667 0.9191176470588235 0.05694444444444444 0.16176470588235295
0 0.09097222222222222 0.9203431372549019 0.0625 0.15931372549019607
0 0.5069444444444444 0.9509803921568627 0.06666666666666667 0.09803921568627451
0 0.6659722222222222 0.10294117647058823 0.07361111111111111 0.13725490196078433
0 0.48680555555555555 0.1090686274509804 0.06805555555555555 0.13970588235294118
0 0.2375 0.11029411764705882 0.058333333333333334 0.16666666666666666
0 0.32569444444444445 0.11642156862745098 0.07083333333333333 0.22794117647058823
0 0.90625 0.11764705882352941 0.0763888888888889 0.23039215686274508
0 0.10347222222222222 0.12377450980392157 0.05694444444444444 0.2426470588235294
0 0.41944444444444445 0.17279411764705882 0.05277777777777778 0.19852941176470587
0 0.75625 0.1875 0.0763888888888889 0.17401960784313725
0 0.029861111111111113 0.20955882352941177 0.059722222222222225 0.24754901960784315