0 0.7208333333333333 0.29044117647058826 0.06388888888888888 0.3014705882352941
0 0.3034722222222222 0.3174019607843137 0.04027777777777778 0.12009803921568628
0 0.4076388888888889 0.31862745098039214 0.059722222222222225 0.11764705882352941
0 0.5861111111111111 0.32230392156862747 0.07222222222222222 0.23774509803921567
0 0.6666666666666666 0.34681372549019607 0.05555555555555555 0.3553921568627451
0 0.5229166666666667 0.36151960784313725 0.06527777777777778 0.32107843137254904
0 0.4708333333333333 0.3627450980392157 0.06111111111111111 0.3284313725490196
0 0.24097222222222223 0.36887254901960786 0.059722222222222225 0.18382352941176472
0 0.8 0.3909313725490196 0.06944444444444445 0.2867647058823529
0 0.17569444444444443 0.4264705882352941 0.06527777777777778 0.2549019607843137
0 0.12916666666666668 0.4338235294117647 0.058333333333333334 0.28921568627450983
0 0.7597222222222222 0.44362745098039214 0.06666666666666667 0.27941176470588236
0 0.04791666666666667 0.4522058823529412 0.05138888888888889 0.2867647058823529
0 0.3576388888888889 0.4632352941176471 0.0625 0.3284313725490196
0 0.09513888888888888 0.4840686274509804 0.06805555555555555 0.2769607843137255
0 0.42291666666666666 0.5073529411764706 0.0625 0.3333333333333333
0 0.7013888888888888 0.5968137254901961 0.05277777777777778 0.2867647058823529
0 0.9298611111111111 0.6225490196078431 0.07083333333333333 0.20588235294117646
0 0.06111111111111111 0.625 0.06944444444444445 0.10294117647058823
0 0.9840277777777777 0.6262254901960784 0.03194444444444444 0.27205882352941174
0 0.20694444444444443 0.6286764705882353 0.06666666666666667 0.32107843137254904
0 0.020833333333333332 0.6299019607843137 0.030555555555555555 0.19607843137254902
0 0.06041666666666667 0.06495098039215687 0.05694444444444444 0.12009803921568628
0 0.6180555555555556 0.6421568627450981 0.06388888888888888 0.30392156862745096
0 0.5680555555555555 0.6568627450980392 0.06388888888888888 0.3480392156862745
0 0.2861111111111111 0.6911764705882353 0.07222222222222222 0.3235294117647059
0 0.13541666666666666 0.07107843137254902 0.05694444444444444 0.14215686274509803
0 0.17152777777777778 0.7218137254901961 0.05416666666666667 0.30637254901960786
0 0.04236111111111111 0.7218137254901961 0.0625 0.15441176470588236
0 0.36875 0.7316176470588235 0.06805555555555555 0.17892156862745098
0 0.9375 0.75 0.06944444444444445 0.14215686274509803
0 0.8034722222222223 0.7879901960784313 0.05138888888888889 0.3602941176470588
0 0.75625 0.821078431372549 0.08194444444444444 0.35784313725490197
0 0.7111111111111111 0.8480392156862745 0.07777777777777778 0.2647058823529412
0 0.6145833333333334 0.8786764705882353 0.06527777777777778 0.2426470588235294
0 0.65625 0.8909313725490197 0.043055555555555555 0.2181372549019608
0 0.4701388888888889 0.8933823529411765 0.06527777777777778 0.21323529411764705
0 0.9013888888888889 0.8970588235294118 0.05277777777777778 0.20588235294117646
0 0.5319444444444444 0.8982843137254902 0.07222222222222222 0.2034313725490196
0 0.41180555555555554 0.8995098039215687 0.05416666666666667 0.20098039215686275
0 0.9361111111111111 0.9007352941176471 0.04722222222222222 0.19852941176470587
0 0.3576388888888889 0.9056372549019608 0.0625 0.18872549019607843
0 0.29305555555555557 0.9105392156862745 0.058333333333333334 0.17892156862745098
0 0.10208333333333333 0.9129901960784313 0.05694444444444444 0.17401960784313725
0 0.15625 0.9191176470588235 0.05138888888888889 0.16176470588235295
0 0.8611111111111112 0.9215686274509803 0.04722222222222222 0.1568627450980392
0 0.3659722222222222 0.1053921568627451 0.05416666666666667 0.17647058823529413
0 0.6868055555555556 0.10661764705882353 0.059722222222222225 0.18382352941176472
0 0.3701388888888889 0.11029411764705882 0.05416666666666667 0.19117647058823528
0 0.8902777777777777 0.11764705882352941 0.06111111111111111 0.23529411764705882
0 0.32222222222222224 0.12009803921568628 0.06388888888888888 0.24019607843137256
0 0.5548611111111111 0.13480392156862744 0.05416666666666667 0.1715686274509804
0 0.5152777777777777 0.17034313725490197 0.058333333333333334 0.12009803921568628
0 0.06111111111111111 0.17279411764705882 0.058333333333333334 0.13970588235294118
0 0.6277777777777778 0.17401960784313725 0.06111111111111111 0.30392156862745096
0 0.034722222222222224 0.19730392156862744 0.05277777777777778 0.0857843137254902
0 0.2513888888888889 0.22303921568627452 0.08055555555555556 0.19117647058823528
0 0.1451388888888889 0.23774509803921567 0.06527777777777778 0.16176470588235295