0 0.11461538461538462 0.14397905759162305 0.046153846153846156 0.2293193717277487
0 0.32461538461538464 0.1549738219895288 0.04153846153846154 0.18010471204188483
0 0.23192307692307693 0.16073298429319371 0.057692307692307696 0.23350785340314137
0 0.18730769230769231 0.16910994764397905 0.04692307692307692 0.2293193717277487
0 0.5726923076923077 0.1712041884816754 0.036153846153846154 0.14554973821989528
0 0.6957692307692308 0.1712041884816754 0.03 0.11204188481675392
0 0.9769230769230769 0.20785340314136125 0.02923076923076923 0.14764397905759163
0 0.75 0.2136125654450262 0.04 0.06701570680628273
0 0.7926923076923077 0.24554973821989529 0.023846153846153847 0.10575916230366492
0 0.8826923076923077 0.2832460732984293 0.05307692307692308 0.15602094240837697
0 0.6430769230769231 0.46910994764397906 0.11846153846153847 0.3769633507853403
0 0.47692307692307695 0.5408376963350785 0.17076923076923076 0.47853403141361256