0 0.9711538461538461 0.3111924686192469 0.023846153846153847 0.07426778242677824
0 0.23038461538461538 0.34048117154811713 0.016153846153846154 0.05753138075313807
0 0.09692307692307692 0.41736401673640167 0.023076923076923078 0.0899581589958159
0 0.5384615384615384 0.4341004184100418 0.026153846153846153 0.09414225941422594
0 0.7407692307692307 0.4592050209205021 0.036923076923076927 0.09832635983263599
0 0.6703846153846154 0.46705020920502094 0.031538461538461536 0.10564853556485355
0 0.6326923076923077 0.47123430962343094 0.03307692307692308 0.10774058577405858
0 0.5034615384615385 0.5591004184100419 0.036153846153846154 0.11820083682008369
0 0.4369230769230769 0.5617154811715481 0.038461538461538464 0.12343096234309624
0 0.5496153846153846 0.5664225941422594 0.045384615384615384 0.12447698744769875
0 0.13423076923076924 0.573744769874477 0.036153846153846154 0.05543933054393305